Time (s),Intensity
1,455
2,455
3,454
4,453
5,453
6,453
7,454
8,454
9,454
10,454
11,454
12,454
13,454
14,453
15,454
16,416
17,404
18,409
19,440
20,410
22,432
23,407
24,417
25,415
26,419
27,445
28,422
29,426
30,420
31,423
32,443
33,427
34,443
35,422
36,423
37,424
38,431
39,446
40,426
41,432
42,424
43,433
44,440
45,430
46,447
47,428
48,434
49,428
50,433
51,450
52,434
53,435
54,431
55,435
56,442
57,434
58,447
59,431
60,436
61,431
62,435
63,449
65,438
66,441
67,438
68,441
69,444
70,439
71,449
72,438
73,439
74,436
75,437
76,450
77,438
78,440
79,433
80,437
81,444
82,442
83,450
84,438
85,438
86,434
87,439
88,450
89,438
90,440
91,436
92,441
93,450
94,439
95,445
96,436
97,441
98,441
99,441
100,450
101,439
102,442
103,437
104,439
105,449
107,439
108,446
109,436
110,443
111,438
112,439
113,450
114,442
115,440
116,437
117,443
118,449
119,439
120,447
121,439
122,439
123,438
124,441
125,449
126,439
127,443
128,438
129,439
130,447
131,439
132,449
133,442
134,441
135,437
136,443
137,449
138,439
139,443
140,437
141,441
142,449
143,439
144,450
145,438
146,439
147,440
148,441
150,449
151,442
152,444
153,439
154,443
155,440
156,441
157,450
158,439
159,444
160,439
161,441
162,447
163,439
164,448
165,439
166,443
167,441
168,443
169,449
170,442
171,446
172,440
173,443
174,444
175,443
176,448
177,439
178,442
179,436
180,443
181,451
182,444
183,453
184,454
185,453
186,453
187,452
188,453
189,454
190,458
191,454
193,457
194,454
195,454
196,454
197,453
198,461
199,453
200,453
201,454
202,454
203,461
204,453
205,452
206,451
207,452
208,453
209,453
210,454
211,453
212,453
213,453
214,447
215,442
216,453
217,454
218,453
219,453
220,452
221,453
222,453
223,453
224,453
225,454
226,454
227,453
228,453
229,453
230,453
231,453
232,454
233,453
235,451
236,453
237,453
238,452
239,452
240,453
241,453
242,454
243,453
244,453
245,453
246,453
247,453
248,452
249,453
250,453
251,453
252,454
253,453
254,452
255,452
256,453
257,451
258,453
259,453
260,453
261,453
262,451
263,453
264,453
265,453
266,453
267,453
268,453
269,453
270,452
271,452
272,453
273,453
274,453
275,453
276,453
278,453
279,452
280,452
281,452
282,453
283,453
284,453
285,453
286,453
287,453
288,453
289,452
290,453
291,453
292,454
293,454
294,454
295,453
296,453
297,453
298,453
299,453
300,453
301,453
302,453
303,452
304,453
305,453
306,453
307,453
308,453
309,453
310,453
311,453
312,453
313,453
314,453
315,453
316,453
317,453
318,453
319,453
321,453
322,453
323,453
324,453
325,453
326,453
327,453
328,453
329,453
330,453
331,453
332,454
333,454
334,454
335,454
336,453
337,453
338,453
339,453
340,453
341,453
342,453
343,453
344,453
345,453
346,453
347,453
348,453
349,453
350,454
351,453
352,454
353,453
354,453
355,453
356,453
357,453
358,454
359,454
360,453
361,453
363,453
364,453
365,453
366,453
367,454
368,453
369,453
370,453
371,452
372,453
373,453
374,454
375,453
376,453
377,454
378,453
379,453
380,453
381,453
382,453
383,454
384,454
385,454
386,453
387,453
388,453
389,453
390,453
391,454
392,454
393,454
394,454
395,453
396,453
397,453
398,453
399,453
400,454
401,454
402,453
403,453
404,453
406,453
407,453
408,454
409,454
410,454
411,454
412,453
413,454
414,454
415,453
416,453
417,454
418,454
419,454
420,453
421,453
422,453
423,453
424,453
425,454
426,454
427,453
428,453
429,453
430,453
431,453
432,454
433,455
434,454
435,454
436,454
437,452
438,452
439,453
440,454
441,454
442,453
443,453
444,453
445,453
446,453
447,453
449,453
450,453
451,454
452,454
453,454
454,454
455,453
456,453
457,454
458,454
459,454
460,454
461,451
462,453
463,453
464,453
465,453
466,454
467,454
468,454
469,454
470,453
471,453
472,453
473,454
474,454
475,454
476,454
477,454
478,454
479,453
480,453
481,454
482,454
483,454
484,454
485,454
486,454
487,454
488,453
489,454
491,454
492,454
493,455
494,455
495,454
496,454
497,454
498,454
499,454
500,455
501,455
502,454
503,454
504,454
505,454
506,454
507,454
508,454
509,455
510,454
511,454
512,454
513,454
514,454
515,454
516,454
517,455
518,455
519,454
520,454
521,454
522,454
523,454
524,455
525,455
526,455
527,455
528,454
529,454
530,454
531,454
532,455
534,455
535,455
536,455
537,454
538,454
539,454
540,454
541,455
542,455
543,455
544,454
545,454
546,454
547,454
548,454
549,455
550,455
551,455
552,455
553,455
554,455
555,454
556,454
557,455
558,455
559,455
560,455
561,455
562,454
563,455
564,454
565,455
566,455
567,455
568,455
569,454
570,454
571,454
572,455
573,455
574,455
575,455
577,455
578,455
579,455
580,454
581,454
582,455
583,455
584,455
585,455
586,455
587,455
588,454
589,454
590,455
591,455
592,456
593,456
594,456
595,455
596,455
597,455
598,455
599,455
600,455
601,455
602,455
603,455
604,455
605,454
606,455
607,455
608,455
609,455
610,455
611,455
612,455
613,455
614,455
615,455
616,455
617,456
619,455
620,455
621,455
622,455
623,455
624,455
625,455
626,455
627,455
628,455
629,455
630,454
631,455
632,455
633,456
634,456
635,455
636,455
637,455
638,455
639,455
640,455
641,456
642,455
643,455
644,455
645,455
646,455
647,455
648,455
649,455
650,455
651,455
652,455
653,455
654,454
655,454
656,455
657,455
658,455
659,455
660,455
662,455
663,455
664,455
665,455
666,455
667,455
668,455
669,455
670,454
671,455
672,455
673,455
674,456
675,455
676,456
677,455
678,455
679,455
680,455
681,455
682,455
683,455
684,456
685,455
686,455
687,454
688,454
689,455
690,455
691,456
692,456
693,456
694,455
695,455
696,455
697,455
698,455
699,455
700,456
701,455
702,455
703,455
705,455
706,455
707,455
708,455
709,456
710,455
711,455
712,455
713,455
714,455
715,455
716,455
717,456
718,455
719,455
720,455
721,455
722,455
723,455
724,455
725,456
726,455
727,455
728,455
729,455
730,455
731,455
732,456
733,456
734,456
735,455
736,455
737,455
738,455
739,455
740,456
741,456
742,456
743,456
744,455
745,455
747,455
748,455
749,455
750,456
751,456
752,455
753,456
754,455
755,455
756,455
757,455
758,456
759,456
760,456
761,455
762,455
763,455
764,455
765,455
766,456
767,456
768,456
769,456
770,455
771,455
772,455
773,456
774,456
775,456
776,456
777,455
778,455
779,455
780,455
781,455
782,456
783,456
784,456
785,455
786,455
787,455
788,455
790,455
791,455
792,456
793,456
794,456
795,455
796,455
797,455
798,455
799,456
800,456
801,456
802,456
803,455
804,455
805,455
806,455
807,456
808,456
809,456
810,456
811,456
812,456
813,456
814,456
815,456
816,456
817,456
818,456
819,456
820,455
821,455
822,455
823,456
824,456
825,456
826,456
827,456
828,455
829,455
830,455
831,456
833,457
834,457
835,456
836,456
837,456
838,455
839,456
840,456
841,456
842,456
843,456
844,456
845,455
846,455
847,455
848,456
849,456
850,456
851,456
852,457
853,456
854,456
855,455
856,456
857,456
858,457
859,457
860,456
861,456
862,456
863,456
864,456
865,456
866,456
867,456
868,456
869,455
870,455
871,455
872,456
873,456
875,456
876,456
877,456
878,456
879,456
880,455
881,456
882,456
883,456
884,456
885,456
886,456
887,456
888,456
889,456
890,456
891,456
892,457
893,457
894,457
895,456
896,455
897,456
898,456
899,457
900,457
901,457
902,456
903,456
904,456
905,456
906,456
907,457
908,457
909,457
910,456
911,456
912,456
913,457
914,456
915,456
916,457
918,457
919,456
920,456
921,456
922,455
923,456
924,457
925,457
926,457
927,457
928,456
929,456
930,456
931,456
932,457
933,457
934,457
935,456
936,456
937,456
938,456
939,456
940,456
941,457
942,457
943,457
944,456
945,455
946,456
947,456
948,456
949,456
950,457
951,457
952,456
953,456
954,456
955,456
956,456
957,456
958,451
959,456
961,456
962,456
963,456
964,453
965,456
966,457
967,457
968,456
969,455
970,456
971,456
972,456
973,456
974,456
975,452
976,456
977,456
978,456
979,456
980,456
981,456
982,457
983,457
984,457
985,457
986,456
987,456
988,456
989,456
990,456
991,457
992,457
993,457
994,456
995,456
996,456
997,453
998,456
999,456
1000,457
1001,456
1003,456
1004,456
1005,455
1006,456
1007,456
1008,457
1009,457
1010,457
1011,455
1012,456
1013,456
1014,457
1015,455
1016,457
1017,457
1018,457
1019,456
1020,453
1021,456
1022,456
1023,456
1024,456
1025,457
1026,457
1027,456
1028,456
1029,456
1030,456
1031,456
1032,457
1033,458
1034,457
1035,457
1036,456
1037,456
1038,456
1039,456
1040,457
1041,457
1042,457
1043,456
1044,456
1046,456
1047,456
1048,456
1049,457
1050,457
1051,457
1052,457
1053,457
1054,456
1055,456
1056,456
1057,457
1058,457
1059,457
1060,457
1061,456
1062,456
1063,456
1064,456
1065,457
1066,457
1067,457
1068,457
1069,456
1070,456
1071,456
1072,456
1073,457
1074,457
1075,457
1076,457
1077,456
1078,456
1079,456
1080,456
1081,457
1082,457
1083,457
1084,457
1085,456
1086,456
1087,456
1089,456
1090,456
1091,457
1092,457
1093,457
1094,457
1095,456
1096,456
1097,456
1098,456
1099,457
1100,457
1101,457
1102,457
1103,456
1104,456
1105,456
1106,457
1107,457
1108,457
1109,457
1110,457
1111,456
1112,456
1113,457
1114,457
1115,457
1116,457
1117,457
1118,457
1119,457
1120,456
1121,456
1122,456
1123,457
1124,457
1125,457
1126,457
1127,456
1128,456
1129,456
1131,456
1132,457
1133,458
1134,458
1135,457
1136,457
1137,456
1138,456
1139,456
1140,457
1141,457
1142,457
1143,457
1144,457
1145,456
1146,456
1147,456
1148,457
1149,457
1150,457
1151,457
1152,457
1153,457
1154,457
1155,456
1156,456
1157,457
1158,457
1159,457
1160,457
1161,456
1162,456
1163,456
1164,457
1165,457
1166,457
1167,457
1168,457
1169,456
1170,456
1171,456
1172,457
1174,457
1175,457
1176,457
1177,457
1178,456
1179,456
1180,456
1181,456
1182,457
1183,457
1184,457
1185,457
1186,456
1187,456
1188,456
1189,456
1190,457
1191,457
1192,457
1193,457
1194,457
1195,456
1196,456
1197,456
1198,457
1199,457
1200,457
1201,457
1202,457
1203,456
1204,456
1205,457
1206,457
1207,457
1208,457
1209,457
1210,457
1211,456
1212,456
1213,457
1214,457
1215,457
1217,457
1218,457
1219,457
1220,456
1221,456
1222,456
1223,456
1224,457
1225,457
1226,457
1227,457
1228,456
1229,456
1230,456
1231,457
1232,457
1233,458
1234,457
1235,457
1236,456
1237,456
1238,456
1239,456
1240,457
1241,457
1242,457
1243,457
1244,456
1245,456
1246,456
1247,456
1248,457
1249,457
1250,457
1251,457
1252,457
1253,457
1254,456
1255,456
1256,457
1257,457
1259,457
1260,457
1261,457
1262,456
1263,456
1264,456
1265,457
1266,457
1267,457
1268,457
1269,457
1270,456
1271,456
1272,456
1273,457
1274,457
1275,457
1276,457
1277,457
1278,456
1279,456
1280,456
1281,456
1282,457
1283,457
1284,457
1285,457
1286,456
1287,456
1288,456
1289,457
1290,457
1291,457
1292,457
1293,457
1294,456
1295,456
1296,456
1297,456
1298,457
1299,457
1300,457
1302,457
1303,456
1304,456
1305,456
1306,456
1307,457
1308,457
1309,457
1310,456
1311,456
1312,456
1313,456
1314,457
1315,457
1316,457
1317,457
1318,457
1319,456
1320,456
1321,456
1322,456
1323,457
1324,457
1325,457
1326,457
1327,456
1328,456
1329,456
1330,456
1331,457
1332,457
1333,458
1334,457
1335,456
1336,456
1337,455
1338,455
1339,451
1340,456
1341,457
1342,456
1343,456
1345,453
1346,456
1347,456
1348,456
1349,456
1350,456
1351,457
1352,456
1353,457
1354,456
1355,455
1356,456
1357,456
1358,456
1359,450
1360,456
1361,456
1362,456
1363,456
1364,455
1365,457
1366,457
1367,457
1368,457
1369,456
1370,456
1371,456
1372,457
1373,457
1374,457
1375,457
1376,457
1377,456
1378,456
1379,456
1380,456
1381,456
1382,457
1383,457
1384,457
1385,456
1387,456
1388,456
1389,456
1390,457
1391,457
1392,457
1393,457
1394,457
1395,456
1396,456
1397,456
1398,456
1399,457
1400,457
1401,457
1402,456
1403,456
1404,456
1405,456
1406,456
1407,457
1408,457
1409,457
1410,456
1411,456
1412,456
1413,457
1414,457
1415,456
1416,457
1417,457
1418,456
1419,456
1420,456
1421,456
1422,456
1423,456
1424,457
1425,457
1426,456
1427,456
1428,456
1430,456
1431,456
1432,457
1433,458
1434,457
1435,457
1436,456
1437,456
1438,451
1439,456
1440,456
1441,457
1442,457
1443,457
1444,456
1445,456
1446,456
1447,456
1448,456
1449,457
1450,456
1451,456
1452,457
1453,456
1454,456
1455,456
1456,456
1457,457
1458,457
1459,456
1460,456
1461,456
1462,456
1463,456
1464,457
1465,457
1466,457
1467,457
1468,456
1469,456
1470,456
1471,456
1473,457
1474,457
1475,456
1476,456
1477,456
1478,456
1479,455
1480,456
1481,456
1482,456
1483,456
1484,457
1485,456
1486,456
1487,456
1488,456
1489,456
1490,457
1491,456
1492,457
1493,457
1494,457
1495,455
1496,455
1497,456
1498,456
1499,457
1500,457
1501,456
1502,456
1503,456
1504,456
1505,456
1506,456
1507,457
1508,457
1509,456
1510,456
1511,455
1512,456
1513,456
1515,456
1516,457
1517,456
1518,456
1519,456
1520,456
1521,455
1522,456
1523,456
1524,457
1525,457
1526,456
1527,456
1528,456
1529,456
1530,456
1531,456
1532,457
1533,457
1534,457
1535,456
1536,456
1537,456
1538,456
1539,456
1540,456
1541,456
1542,457
1543,456
1544,456
1545,456
1546,456
1547,456
1548,456
1549,456
1550,456
1551,456
1552,456
1553,456
1554,456
1555,456
1556,456
1558,457
1559,456
1560,456
1561,456
1562,455
1563,456
1564,456
1565,456
1566,456
1567,456
1568,456
1569,456
1570,456
1571,455
1572,456
1573,457
1574,457
1575,456
1576,456
1577,456
1578,456
1579,455
1580,456
1581,456
1582,456
1583,457
1584,456
1585,456
1586,456
1587,455
1588,455
1589,456
1590,456
1591,456
1592,457
1593,456
1594,455
1595,455
1596,455
1597,456
1598,456
1599,456
1601,456
1602,456
1603,456
1604,455
1605,455
1606,456
1607,456
1608,456
1609,456
1610,456
1611,455
1612,455
1613,456
1614,456
1615,456
1616,456
1617,456
1618,456
1619,456
1620,455
1621,455
1622,456
1623,456
1624,456
1625,456
1626,456
1627,455
1628,455
1629,455
1630,456
1631,456
1632,457
1633,457
1634,456
1635,456
1636,455
1637,455
1638,456
1639,456
1640,456
1641,456
1643,456
1644,455
1645,455
1646,455
1647,456
1648,456
1649,456
1650,456
1651,456
1652,455
1653,456
1654,456
1655,456
1656,455
1657,456
1658,456
1659,456
1660,456
1661,455
1662,455
1663,455
1664,456
1665,456
1666,456
1667,456
1668,456
1669,455
1670,455
1671,455
1672,456
1673,456
1674,457
1675,456
1676,456
1677,455
1678,455
1679,455
1680,455
1681,456
1682,456
1683,456
1684,456
1686,455
1687,455
1688,455
1689,456
1690,456
1691,456
1692,456
1693,456
1694,456
1695,455
1696,455
1697,455
1698,456
1699,456
1700,456
1701,456
1702,455
1703,455
1704,455
1705,455
1706,455
1707,456
1708,456
1709,456
1710,455
1711,455
1712,455
1713,456
1714,456
1715,456
1716,456
1717,456
1718,455
1719,455
1720,455
1721,455
1722,455
1723,455
1724,456
1725,455
1726,455
1727,455
1729,455
1730,455
1731,455
1732,456
1733,456
1734,456
1735,455
1736,455
1737,455
1738,455
1739,455
1740,456
1741,456
1742,456
1743,455
1744,455
1745,455
1746,455
1747,455
1748,455
1749,456
1750,456
1751,455
1752,455
1753,455
1754,455
1755,455
1756,455
1757,455
1758,455
1759,455
1760,455
1761,455
1762,455
1763,455
1764,455
1765,455
1766,455
1767,455
1768,455
1769,455
1771,454
1772,455
1773,455
1774,456
1775,455
1776,455
1777,455
1778,454
1779,454
1780,454
1781,455
1782,455
1783,455
1784,455
1785,455
1786,454
1787,454
1788,454
1789,455
1790,455
1791,455
1792,456
1793,455
1794,455
1795,454
1796,454
1797,455
1798,455
1799,455
1800,455
1801,455
1802,454
1803,454
1804,454
1805,454
1806,455
1807,455
1808,455
1809,454
1810,454
1811,454
1812,455
1814,455
1815,455
1816,455
1817,455
1818,455
1819,454
1820,454
1821,454
1822,454
1823,455
1824,455
1825,455
1826,455
1827,454
1828,454
1829,454
1830,454
1831,455
1832,455
1833,455
1834,455
1835,454
1836,454
1837,454
1838,454
1839,454
1840,455
1841,455
1842,455
1843,454
1844,454
1845,454
1846,454
1847,455
1848,455
1849,455
1850,455
1851,454
1852,454
1853,454
1854,454
1855,454
1857,455
1858,455
1859,452
1860,454
1861,454
1862,454
1863,454
1864,451
1865,455
1866,455
1867,455
1868,454
1869,453
1870,453
1871,454
1872,454
1873,455
1874,455
1875,454
1876,454
1877,454
1878,453
1879,454
1880,451
1881,454
1882,455
1883,454
1884,454
1885,454
1886,454
1887,454
1888,454
1889,454
1890,455
1891,454
1892,455
1893,455
1894,454
1895,454
1896,454
1897,454
1899,455
1900,454
1901,454
1902,454
1903,454
1904,454
1905,454
1906,454
1907,455
1908,455
1909,454
1910,454
1911,454
1912,454
1913,455
1914,455
1915,455
1916,455
1917,455
1918,454
1919,454
1920,454
1921,454
1922,455
1923,455
1924,455
1925,455
1926,455
1927,454
1928,454
1929,454
1930,454
1931,455
1932,456
1933,455
1934,455
1935,455
1936,454
1937,454
1938,455
1939,455
1940,455
1942,455
1943,455
1944,455
1945,454
1946,454
1947,455
1948,455
1949,455
1950,455
1951,455
1952,455
1953,455
1954,455
1955,454
1956,455
1957,455
1958,451
1959,453
1960,454
1961,455
1962,454
1963,455
1964,455
1965,455
1966,456
1967,456
1968,455
1969,455
1970,454
1971,455
1972,456
1973,456
1974,456
1975,455
1976,455
1977,455
1978,454
1979,455
1980,455
1981,456
1982,456
1983,456
1985,455
1986,455
1987,455
1988,455
1989,455
1990,455
1991,456
1992,456
1993,456
1994,456
1995,455
1996,455
1997,455
1998,456
1999,456
2000,456
2001,456
2002,455
2003,455
2004,455
2005,455
2006,456
2007,456
2008,456
2009,456
2010,455
2011,455
2012,456
2013,456
2014,456
2015,456
2016,456
2017,456
2018,456
2019,455
2020,455
2021,455
2022,456
2023,456
2024,456
2025,456
2027,456
2028,456
2029,455
2030,456
2031,456
2032,456
2033,457
2034,457
2035,456
2036,456
2037,456
2038,456
2039,456
2040,456
2041,456
2042,456
2043,456
2044,456
2045,455
2046,456
2047,456
2048,456
2049,457
2050,456
2051,456
2052,456
2053,456
2054,456
2055,456
2056,456
2057,457
2058,456
2059,456
2060,456
2061,456
2062,456
2063,456
2064,457
2065,457
2066,457
2067,457
2068,456
2070,456
2071,456
2072,457
2073,457
2074,458
2075,457
2076,457
2077,456
2078,457
2079,456
2080,456
2081,457
2082,457
2083,457
2084,457
2085,457
2086,456
2087,456
2088,457
2089,457
2090,457
2091,457
2092,457
2093,457
2094,457
2095,456
2096,457
2097,457
2098,457
2099,457
2100,457
2101,457
2102,457
2103,457
2104,456
2105,457
2106,457
2107,458
2108,457
2109,457
2110,457
2111,457
2113,457
2114,458
2115,458
2116,458
2117,458
2118,457
2119,457
2120,457
2121,456
2122,457
2123,457
2124,458
2125,457
2126,457
2127,457
2128,456
2129,457
2130,457
2131,458
2132,458
2133,458
2134,458
2135,457
2136,457
2137,456
2138,457
2139,458
2140,458
2141,458
2142,457
2143,457
2144,456
2145,457
2146,457
2147,457
2148,458
2149,458
2150,457
2151,457
2152,457
2153,457
2155,457
2156,457
2157,458
2158,458
2159,458
2160,457
2161,457
2162,457
2163,457
2164,458
2165,458
2166,457
2167,458
2168,457
2169,457
2170,457
2171,457
2172,457
2173,458
2174,459
2175,458
2176,457
2177,457
2178,457
2179,457
2180,457
2181,458
2182,458
2183,458
2184,457
2185,457
2186,457
2187,457
2188,457
2189,458
2190,458
2191,458
2192,458
2193,458
2194,457
2195,457
2196,457
2198,458
2199,458
2200,458
2201,457
2202,457
2203,457
2204,457
2205,457
2206,458
2207,458
2208,458
2209,457
2210,457
2211,457
2212,457
2213,457
2214,458
2215,458
2216,458
2217,457
2218,457
2219,457
2220,457
2221,457
2222,457
2223,458
2224,458
2225,458
2226,457
2227,457
2228,456
2229,457
2230,457
2231,457
2232,458
2233,458
2234,457
2235,457
2236,457
2237,457
2238,456
2239,450
2241,457
2242,457
2243,457
2244,457
2245,455
2246,457
2247,457
2248,457
2249,457
2250,458
2251,457
2252,455
2253,457
2254,457
2255,457
2256,457
2257,457
2258,456
2259,457
2260,457
2261,456
2262,457
2263,457
2264,457
2265,458
2266,458
2267,457
2268,457
2269,457
2270,457
2271,457
2272,458
2273,458
2274,458
2275,457
2276,457
2277,456
2278,456
2279,457
2280,457
2281,458
2283,458
2284,457
2285,457
2286,457
2287,457
2288,457
2289,457
2290,457
2291,458
2292,457
2293,457
2294,457
2295,456
2296,457
2297,457
2298,457
2299,458
2300,457
2301,457
2302,457
2303,457
2304,456
2305,457
2306,457
2307,458
2308,457
2309,457
2310,457
2311,456
2312,457
2313,457
2314,458
2315,457
2316,457
2317,457
2318,456
2319,456
2320,456
2321,457
2322,457
2323,457
2324,457
2326,457
2327,457
2328,456
2329,456
2330,456
2331,457
2332,457
2333,458
2334,457
2335,457
2336,456
2337,456
2338,456
2339,457
2340,457
2341,457
2342,457
2343,456
2344,456
2345,456
2346,456
2347,457
2348,457
2349,457
2350,457
2351,456
2352,456
2353,456
2354,457
2355,457
2356,457
2357,456
2358,457
2359,456
2360,456
2361,455
2362,456
2363,456
2364,457
2365,456
2366,457
2367,456
2369,456
2370,456
2371,456
2372,456
2373,457
2374,457
2375,456
2376,456
2377,456
2378,455
2379,456
2380,456
2381,457
2382,457
2383,457
2384,457
2385,456
2386,456
2387,456
2388,456
2389,456
2390,456
2391,456
2392,457
2393,456
2394,456
2395,456
2396,456
2397,456
2398,456
2399,456
2400,456
2401,456
2402,456
2403,456
2404,456
2405,456
2406,457
2407,456
2408,456
2409,456
2411,456
2412,456
2413,456
2414,457
2415,456
2416,457
2417,456
2418,456
2419,455
2420,456
2421,456
2422,456
2423,456
2424,456
2425,456
2426,456
2427,456
2428,455
2429,455
2430,456
2431,456
2432,456
2433,457
2434,456
2435,456
2436,455
2437,456
2438,456
2439,455
2440,456
2441,457
2442,456
2443,455
2444,456
2445,456
2446,456
2447,456
2448,457
2449,457
2450,456
2451,456
2452,456
2454,456
2455,456
2456,457
2457,457
2458,457
2459,456
2460,456
2461,456
2462,456
2463,456
2464,456
2465,457
2466,457
2467,456
2468,456
2469,456
2470,456
2471,456
2472,457
2473,457
2474,457
2475,456
2476,456
2477,455
2478,455
2479,456
2480,456
2481,457
2482,457
2483,456
2484,456
2485,456
2486,456
2487,456
2488,457
2489,457
2490,457
2491,457
2492,457
2493,456
2494,456
2495,456
2497,457
2498,456
2499,457
2500,456
2501,457
2502,456
2503,456
2504,456
2505,456
2506,457
2507,457
2508,456
2509,456
2510,456
2511,456
2512,456
2513,457
2514,457
2515,457
2516,457
2517,457
2518,456
2519,456
2520,456
2521,456
2522,456
2523,457
2524,457
2525,457
2526,456
2527,456
2528,456
2529,456
2530,457
2531,457
2532,458
2533,458
2534,456
2535,456
2536,456
2537,456
2539,457
2540,457
2541,457
2542,457
2543,457
2544,456
2545,456
2546,457
2547,457
2548,457
2549,457
2550,457
2551,457
2552,457
2553,457
2554,457
2555,457
2556,457
2557,457
2558,457
2559,457
2560,456
2561,457
2562,456
2563,457
2564,457
2565,457
2566,457
2567,457
2568,457
2569,456
2570,456
2571,457
2572,458
2573,458
2574,458
2575,457
2576,456
2577,456
2578,455
2579,456
2580,453
2582,457
2583,458
2584,457
2585,457
2586,455
2587,457
2588,457
2589,457
2590,457
2591,457
2592,457
2593,457
2594,457
2595,456
2596,457
2597,456
2598,457
2599,457
2600,457
2601,457
2602,456
2603,457
2604,457
2605,457
2606,457
2607,457
2608,457
2609,457
2610,457
2611,456
2612,457
2613,458
2614,458
2615,458
2616,458
2617,457
2618,457
2619,457
2620,457
2621,457
2622,458
2623,458
2625,458
2626,457
2627,457
2628,457
2629,457
2630,457
2631,457
2632,458
2633,458
2634,458
2635,457
2636,457
2637,457
2638,457
2639,457
2640,458
2641,458
2642,457
2643,457
2644,457
2645,457
2646,457
2647,458
2648,458
2649,458
2650,458
2651,457
2652,457
2653,457
2654,458
2655,458
2656,458
2657,458
2658,458
2659,457
2660,457
2661,457
2662,457
2663,458
2664,458
2665,458
2667,458
2668,458
2669,457
2670,457
2671,457
2672,458
2673,459
2674,459
2675,458
2676,458
2677,457
2678,457
2679,458
2680,457
2681,458
2682,458
2683,458
2684,457
2685,457
2686,457
2687,457
2688,458
2689,458
2690,458
2691,458
2692,458
2693,458
2694,458
2695,458
2696,458
2697,458
2698,459
2699,458
2700,458
2701,458
2702,457
2703,457
2704,458
2705,458
2706,458
2707,458
2708,458
2710,457
2711,457
2712,457
2713,458
2714,459
2715,458
2716,458
2717,458
2718,458
2719,457
2720,457
2721,458
2722,458
2723,458
2724,458
2725,458
2726,458
2727,457
2728,457
2729,457
2730,458
2731,458
2732,458
2733,458
2734,458
2735,457
2736,457
2737,457
2738,458
2739,458
2740,458
2741,458
2742,458
2743,457
2744,457
2745,458
2746,458
2747,458
2748,458
2749,458
2750,458
2751,457
2753,458
2754,458
2755,458
2756,458
2757,458
2758,458
2759,458
2760,457
2761,457
2762,457
2763,458
2764,458
2765,458
2766,458
2767,458
2768,458
2769,457
2770,457
2771,458
2772,458
2773,459
2774,459
2775,458
2776,458
2777,458
2778,457
2779,458
2780,458
2781,458
2782,458
2783,458
2784,457
2785,457
2786,457
2787,458
2788,458
2789,458
2790,458
2791,458
2792,458
2793,458
2795,457
2796,458
2797,458
2798,458
2799,458
2800,458
2801,458
2802,457
2803,457
2804,457
2805,458
2806,458
2807,458
2808,458
2809,458
2810,457
2811,457
2812,458
2813,459
2814,459
2815,458
2816,458
2817,458
2818,458
2819,458
2820,457
2821,458
2822,458
2823,458
2824,458
2825,458
2826,457
2827,457
2828,458
2829,458
2830,458
2831,459
2832,459
2833,459
2834,458
2835,457
2836,457
2838,458
2839,458
2840,458
2841,458
2842,458
2843,458
2844,457
2845,457
2846,458
2847,458
2848,458
2849,458
2850,458
2851,457
2852,457
2853,458
2854,458
2855,458
2856,458
2857,459
2858,456
2859,447
2860,457
2861,458
2862,457
2863,458
2864,457
2865,458
2866,458
2867,458
2868,457
2869,458
2870,458
2871,458
2872,459
2873,459
2874,459
2875,458
2876,457
2877,457
2878,457
2879,457
2881,458
2882,458
2883,458
2884,458
2885,458
2886,457
2887,457
2888,458
2889,458
2890,458
2891,459
2892,458
2893,458
2894,458
2895,458
2896,458
2897,458
2898,459
2899,458
2900,458
2901,458
2902,457
2903,458
2904,458
2905,458
2906,458
2907,458
2908,458
2909,458
2910,458
2911,457
2912,458
2913,459
2914,459
2915,458
2916,458
2917,458
2918,458
2919,458
2920,458
2921,458
2923,458
2924,458
2925,458
2926,458
2927,457
2928,457
2929,458
2930,458
2931,458
2932,458
2933,459
2934,458
2935,458
2936,457
2937,457
2938,458
2939,458
2940,458
2941,458
2942,458
2943,457
2944,457
2945,457
2946,458
2947,458
2948,458
2949,458
2950,458
2951,458
2952,458
2953,458
2954,458
2955,458
2956,459
2957,459
2958,458
2959,457
2960,458
2961,457
2962,458
2963,458
2964,458
2966,458
2967,458
2968,458
2969,457
2970,458
2971,458
2972,458
2973,459
2974,459
2975,458
2976,458
2977,458
2978,457
2979,458
2980,458
2981,458
2982,459
2983,458
2984,458
2985,458
2986,458
2987,458
2988,458
2989,458
2990,459
2991,459
2992,458
2993,458
2994,458
2995,458
2996,458
2997,459
2998,459
2999,459
3000,458
3001,458
3002,458
3003,458
3004,458
3005,458
3006,459
3007,459
3009,458
3010,458
3011,458
3012,458
3013,459
3014,459
3015,459
3016,459
3017,458
3018,458
3019,457
3020,458
3021,458
3022,459
3023,459
3024,459
3025,458
3026,458
3027,457
3028,458
3029,458
3030,458
3031,458
3032,459
3033,459
3034,458
3035,458
3036,458
3037,458
3038,459
3039,459
3040,459
3041,458
3042,458
3043,458
3044,458
3045,458
3046,458
3047,459
3048,459
3049,458
3051,458
3052,458
3053,458
3054,458
3055,458
3056,459
3057,459
3058,459
3059,458
3060,458
3061,458
3062,458
3063,458
3064,459
3065,459
3066,459
3067,458
3068,458
3069,458
3070,458
3071,458
3072,459
3073,459
3074,459
3075,458
3076,458
3077,458
3078,458
3079,458
3080,459
3081,459
3082,459
3083,459
3084,458
3085,458
3086,458
3087,458
3088,459
3089,459
3090,459
3091,458
3092,459
3094,459
3095,458
3096,458
3097,459
3098,459
3099,459
3100,459
3101,458
3102,458
3103,458
3104,458
3105,459
3106,459
3107,459
3108,459
3109,458
3110,458
3111,458
3112,458
3113,459
3114,460
3115,459
3116,459
3117,459
3118,458
3119,458
3120,458
3121,459
3122,459
3123,459
3124,459
3125,459
3126,458
3127,458
3128,458
3129,459
3130,459
3131,459
3132,460
3133,459
3134,459
3135,458
3137,458
3138,459
3139,459
3140,459
3141,459
3142,459
3143,459
3144,458
3145,459
3146,459
3147,459
3148,459
3149,459
3150,459
3151,459
3152,458
3153,459
3154,459
3155,459
3156,459
3157,459
3158,459
3159,459
3160,458
3161,458
3162,459
3163,459
3164,459
3165,459
3166,459
3167,458
3168,458
3169,458
3170,459
3171,459
3172,460
3173,460
3174,460
3175,459
3176,458
3177,458
3179,458
3180,459
3181,459
3182,459
3183,459
3184,459
3185,458
3186,458
3187,458
3188,459
3189,459
3190,459
3191,459
3192,458
3193,458
3194,459
3195,458
3196,459
3197,459
3198,459
3199,459
3200,459
3201,458
3202,458
3203,458
3204,458
3205,459
3206,459
3207,459
3208,459
3209,458
3210,458
3211,459
3212,459
3213,460
3214,460
3215,459
3216,459
3217,458
3218,458
3219,458
3220,458
3222,459
3223,459
3224,459
3225,459
3226,458
3227,458
3228,458
3229,459
3230,459
3231,459
3232,459
3233,460
3234,459
3235,458
3236,458
3237,459
3238,459
3239,457
3240,459
3241,459
3242,459
3243,458
3244,458
3245,459
3246,458
3247,459
3248,459
3249,459
3250,458
3251,458
3252,459
3253,459
3254,459
3255,459
3256,460
3257,459
3258,458
3259,458
3260,458
3261,458
3262,459
3263,459
3265,459
3266,459
3267,459
3268,458
3269,458
3270,458
3271,459
3272,459
3273,460
3274,460
3275,459
3276,458
3277,459
3278,459
3279,459
3280,459
3281,460
3282,459
3283,459
3284,459
3285,458
3286,459
3287,458
3288,459
3289,460
3290,459
3291,459
3292,459
3293,459
3294,459
3295,459
3296,459
3297,460
3298,460
3299,459
3300,459
3301,458
3302,459
3303,459
3304,459
3305,460
3307,459
3308,459
3309,459
3310,458
3311,458
3312,458
3313,460
3314,460
3315,459
3316,459
3317,459
3318,459
3319,458
3320,459
3321,459
3322,460
3323,460
3324,460
3325,459
3326,459
3327,459
3328,459
3329,459
3330,459
3331,460
3332,459
3333,460
3334,459
3335,458
3336,459
3337,459
3338,459
3339,460
3340,460
3341,459
3342,459
3343,459
3344,459
3345,459
3346,459
3347,459
3348,460
3350,459
3351,459
3352,458
3353,459
3354,459
3355,460
3356,459
3357,459
3358,459
3359,459
3360,459
3361,459
3362,459
3363,459
3364,460
3365,460
3366,460
3367,459
3368,459
3369,459
3370,459
3371,460
3372,460
3373,460
3374,460
3375,459
3376,459
3377,459
3378,459
3379,459
3380,460
3381,460
3382,460
3383,459
3384,459
3385,459
3386,459
3387,459
3388,459
3389,460
3390,460
3391,459
3393,459
3394,460
3395,459
3396,459
3397,460
3398,460
3399,460
3400,459
3401,459
3402,459
3403,459
3404,459
3405,459
3406,460
3407,460
3408,459
3409,459
3410,459
3411,459
3412,459
3413,460
3414,460
3415,460
3416,459
3417,458
3418,459
3419,459
3420,459
3421,459
3422,460
3423,460
3424,459
3425,459
3426,459
3427,459
3428,459
3429,459
3430,460
3431,460
3432,460
3433,460
3435,459
3436,459
3437,459
3438,460
3439,460
3440,460
3441,459
3442,459
3443,459
3444,459
3445,459
3446,459
3447,460
3448,460
3449,460
3450,459
3451,459
3452,459
3453,460
3454,460
3455,460
3456,460
3457,460
3458,459
3459,459
3460,459
3461,459
3462,459
3463,460
3464,460
3465,460
3466,459
3467,459
3468,459
3469,459
3470,459
3471,460
3472,461
3473,460
3474,460
3475,459
3476,459
3478,459
3479,459
3480,460
3481,460
3482,460
3483,460
3484,459
3485,458
3486,459
3487,459
3488,460
3489,460
3490,460
3491,460
3492,459
3493,459
3494,459
3495,459
3496,459
3497,460
3498,460
3499,460
3500,459
3501,459
3502,459
3503,459
3504,460
3505,460
3506,460
3507,460
3508,459
3509,459
3510,459
3511,459
3512,460
3513,460
3514,460
3515,460
3516,459
3517,459
3518,459
3519,459
3521,459
3522,460
3523,460
3524,460
3525,459
3526,459
3527,459
3528,459
3529,459
3530,460
3531,460
3532,460
3533,460
3534,460
3535,459
3536,459
3537,459
3538,460
3539,460
3540,460
3541,459
3542,459
3543,459
3544,459
3545,460
3546,460
3547,460
3548,460
3549,460
3550,460
3551,459
3552,459
3553,460
3554,461
3555,460
3556,460
3557,460
3558,460
3559,459
3560,459
3561,459
3563,460
3564,460
3565,460
3566,460
3567,459
3568,459
3569,459
3570,459
3571,460
3572,460
3573,461
3574,460
3575,460
3576,459
3577,459
3578,459
3579,460
3580,460
3581,460
3582,460
3583,460
3584,459
3585,459
3586,460
3587,460
3588,460
3589,461
3590,460
3591,460
3592,460
3593,460
3594,460
3595,460
3596,460
3597,460
3598,460
3599,460
3600,459
3601,459
3602,459
3603,459
3604,460
3606,460
3607,460
3608,460
3609,459
3610,459
3611,459
3612,459
3613,460
3614,461
3615,461
3616,460
3617,459
3618,459
3619,460
3620,459
3621,460
3622,460
3623,460
3624,460
3625,459
3626,459
3627,459
3628,459
3629,458
3630,460
3631,460
3632,459
3633,460
3634,460
3635,459
3636,459
3637,460
3638,460
3639,460
3640,460
3641,459
3642,459
3643,459
3644,459
3645,460
3646,460
3647,460
3649,460
3650,460
3651,459
3652,459
3653,460
3654,460
3655,459
3656,460
3657,460
3658,459
3659,459
3660,459
3661,459
3662,459
3663,459
3664,460
3665,460
3666,460
3667,459
3668,459
3669,459
3670,460
3671,460
3672,460
3673,461
3674,461
3675,459
3676,459
3677,459
3678,460
3679,459
3680,460
3681,460
3682,460
3683,459
3684,459
3685,459
3686,459
3687,459
3688,460
3689,460
3691,460
3692,459
3693,460
3694,460
3695,460
3696,459
3697,460
3698,460
3699,460
3700,459
3701,459
3702,459
3703,459
3704,460
3705,460
3706,460
3707,460
3708,460
3709,459
3710,459
3711,459
3712,460
3713,461
3714,461
3715,460
3716,460
3717,460
3718,459
3719,459
3720,460
3721,460
3722,460
3723,460
3724,460
3725,459
3726,459
3727,459
3728,460
3729,460
3730,461
3731,460
3732,460
3734,460
3735,460
3736,459
3737,460
3738,460
3739,460
3740,460
3741,460
3742,460
3743,460
3744,459
3745,460
3746,460
3747,460
3748,460
3749,460
3750,460
3751,459
3752,459
3753,460
3754,460
3755,460
3756,460
3757,460
3758,460
3759,459
3760,459
3761,459
3762,460
3763,460
3764,460
3765,460
3766,459
3767,459
3768,459
3769,459
3770,460
3771,460
3772,461
3773,461
3774,460
3775,459
3777,459
3778,459
3779,460
3780,460
3781,460
3782,460
3783,460
3784,459
3785,459
3786,459
3787,459
3788,460
3789,460
3790,460
3791,460
3792,460
3793,460
3794,460
3795,460
3796,460
3797,460
3798,460
3799,460
3800,459
3801,459
3802,459
3803,459
3804,460
3805,460
3806,460
3807,460
3808,459
3809,459
3810,459
3811,459
3812,460
3813,461
3814,461
3815,460
3816,459
3817,459
3819,459
3820,459
3821,460
3822,460
3823,460
3824,460
3825,460
3826,459
3827,459
3828,459
3829,460
3830,460
3831,460
3832,460
3833,460
3834,460
3835,459
3836,459
3837,460
3838,460
3839,460
3840,460
3841,460
3842,459
3843,459
3844,459
3845,460
3846,460
3847,460
3848,460
3849,460
3850,459
3851,459
3852,459
3853,460
3854,461
3855,460
3856,460
3857,460
3858,458
3859,459
3860,459
3862,459
3863,460
3864,460
3865,460
3866,460
3867,460
3868,459
3869,459
3870,459
3871,460
3872,460
3873,461
3874,461
3875,460
3876,459
3877,459
3878,460
3879,460
3880,460
3881,460
3882,460
3883,460
3884,459
3885,459
3886,460
3887,460
3888,460
3889,460
3890,460
3891,460
3892,460
3893,460
3894,460
3895,460
3896,460
3897,460
3898,460
3899,460
3900,459
3901,459
3902,459
3903,460
3905,460
3906,460
3907,460
3908,460
3909,459
3910,459
3911,459
3912,460
3913,461
3914,461
3915,461
3916,460
3917,460
3918,459
3919,459
3920,460
3921,460
3922,460
3923,460
3924,460
3925,459
3926,459
3927,460
3928,460
3929,460
3930,460
3931,460
3932,460
3933,460
3934,460
3935,459
3936,460
3937,460
3938,460
3939,460
3940,460
3941,460
3942,459
3943,459
3944,460
3945,460
3947,460
3948,460
3949,460
3950,460
3951,459
3952,459
3953,460
3954,460
3955,460
3956,460
3957,460
3958,460
3959,459
3960,459
3961,460
3962,460
3963,460
3964,460
3965,460
3966,460
3967,459
3968,459
3969,459
3970,460
3971,460
3972,460
3973,461
3974,460
3975,459
3976,459
3977,459
3978,460
3979,460
3980,460
3981,460
3982,460
3983,459
3984,459
3985,459
3986,460
3987,460
3988,460
3990,460
3991,460
3992,459
3993,460
3994,460
3995,460
3996,460
3997,460
3998,461
3999,460
4000,459
4001,459
4002,459
4003,459
4004,460
4005,460
4006,460
4007,460
4008,459
4009,459
4010,459
4011,459
4012,460
4013,461
4014,461
4015,460
4016,460
4017,459
4018,459
4019,459
4020,460
4021,460
4022,460
4023,460
4024,459
4025,459
4026,459
4027,459
4028,460
4029,460
4030,460
4031,460
4033,460
4034,460
4035,460
4036,459
4037,460
4038,460
4039,460
4040,460
4041,460
4042,459
4043,459
4044,459
4045,460
4046,460
4047,460
4048,460
4049,460
4050,459
4051,459
4052,459
4053,460
4054,460
4055,460
4056,460
4057,460
4058,460
4059,459
4060,459
4061,460
4062,460
4063,460
4064,460
4065,460
4066,459
4067,459
4068,459
4069,459
4070,460
4071,460
4072,461
4073,461
4075,460
4076,459
4077,460
4078,460
4079,460
4080,460
4081,460
4082,460
4083,460
4084,460
4085,459
4086,459
4087,460
4088,460
4089,460
4090,460
4091,460
4092,460
4093,460
4094,460
4095,460
4096,460
4097,460
4098,460
4099,460
4100,459
4101,459
4102,460
4103,460
4104,460
4105,460
4106,460
4107,460
4108,459
4109,459
4110,459
4111,460
4112,460
4113,461
4114,461
4115,460
4116,460
4118,456
4119,459
4120,460
4121,460
4122,460
4123,460
4124,460
4125,459
4126,459
4127,459
4128,459
4129,460
4130,460
4131,460
4132,460
4133,460
4134,460
4135,459
4136,460
4137,460
4138,460
4139,453
4140,459
4141,459
4142,459
4143,459
4144,456
4145,460
4146,460
4147,460
4148,460
4149,459
4150,459
4151,457
4152,459
4153,460
4154,460
4155,460
4156,460
4157,460
4158,459
4159,459
4161,459
4162,460
4163,460
4164,460
4165,460
4166,460
4167,459
4168,459
4169,459
4170,460
4171,460
4172,460
4173,460
4174,460
4175,459
4176,459
4177,459
4178,459
4179,460
4180,460
4181,460
4182,460
4183,459
4184,459
4185,459
4186,460
4187,460
4188,460
4189,460
4190,460
4191,459
4192,459
4193,460
4194,460
4195,460
4196,460
4197,460
4198,460
4199,460
4200,459
4201,459
4203,459
4204,460
4205,460
4206,460
4207,460
4208,460
4209,459
4210,459
4211,459
4212,460
4213,461
4214,461
4215,460
4216,460
4217,459
4218,459
4219,459
4220,460
4221,460
4222,460
4223,460
4224,460
4225,459
4226,459
4227,459
4228,459
4229,460
4230,460
4231,460
4232,460
4233,460
4234,459
4235,459
4236,460
4237,460
4238,460
4239,460
4240,459
4241,459
4242,459
4243,459
4244,460
4246,460
4247,460
4248,460
4249,460
4250,459
4251,459
4252,459
4253,460
4254,460
4255,460
4256,460
4257,460
4258,457
4259,459
4260,459
4261,459
4262,460
4263,460
4264,460
4265,460
4266,460
4267,459
4268,459
4269,459
4270,460
4271,460
4272,460
4273,460
4274,460
4275,459
4276,459
4277,460
4278,460
4279,460
4280,460
4281,460
4282,460
4283,459
4284,459
4285,459
4286,460
4287,460
4289,460
4290,460
4291,460
4292,459
4293,460
4294,460
4295,460
4296,460
4297,460
4298,460
4299,460
4300,459
4301,459
4302,460
4303,459
4304,460
4305,461
4306,460
4307,460
4308,459
4309,459
4310,459
4311,460
4312,460
4313,461
4314,461
4315,460
4316,460
4317,459
4318,459
4319,459
4320,457
4321,460
4322,460
4323,460
4324,459
4325,459
4326,459
4327,459
4328,460
4329,460
4331,461
4332,460
4333,460
4334,460
4335,460
4336,459
4337,460
4338,460
4339,460
4340,460
4341,460
4342,459
4343,459
4344,459
4345,460
4346,460
4347,460
4348,460
4349,460
4350,459
4351,459
4352,459
4353,460
4354,461
4355,460
4356,460
4357,460
4358,459
4359,460
4360,459
4361,460
4362,460
4363,460
4364,460
4365,460
4366,459
4367,459
4368,459
4369,459
4370,460
4371,460
4372,461
4374,460
4375,460
4376,459
4377,459
4378,460
4379,460
4380,460
4381,460
4382,460
4383,460
4384,459
4385,459
4386,459
4387,460
4388,461
4389,460
4390,460
4391,459
4392,459
4393,460
4394,460
4395,460
4396,460
4397,460
4398,460
4399,460
4400,459
4401,459
4402,459
4403,460
4404,460
4405,460
4406,460
4407,460
4408,459
4409,459
4410,459
4411,460
4412,460
4413,461
4414,460
4415,460
4417,460
4418,459
4419,459
4420,459
4421,460
4422,460
4423,460
4424,460
4425,459
4426,459
4427,459
4428,460
4429,460
4430,460
4431,460
4432,460
4433,460
4434,460
4435,459
4436,459
4437,460
4438,460
4439,460
4440,460
4441,460
4442,459
4443,459
4444,460
4445,460
4446,460
4447,461
4448,460
4449,460
4450,459
4451,459
4452,460
4453,460
4454,461
4455,460
4456,460
4457,459
4459,459
4460,459
4461,459
4462,460
4463,460
4464,460
4465,460
4466,460
4467,459
4468,459
4469,459
4470,460
4471,460
4472,460
4473,461
4474,460
4475,459
4476,459
4477,459
4478,460
4479,460
4480,460
4481,460
4482,460
4483,460
4484,459
4485,459
4486,459
4487,460
4488,460
4489,460
4490,460
4491,459
4492,459
4493,460
4494,460
4495,460
4496,460
4497,460
4498,460
4499,459
4500,459
4502,459
4503,459
4504,460
4505,460
4506,460
4507,460
4508,459
4509,459
4510,460
4511,460
4512,460
4513,461
4514,461
4515,460
4516,460
4517,459
4518,459
4519,458
4520,452
4521,460
4522,461
4523,460
4524,459
4525,458
4526,459
4527,459
4528,459
4529,460
4530,460
4531,460
4532,458
4533,460
4534,459
4535,459
4536,459
4537,460
4538,460
4539,460
4540,459
4541,459
4542,459
4543,459
4545,460
4546,460
4547,460
4548,460
4549,460
4550,459
4551,459
4552,459
4553,460
4554,461
4555,461
4556,460
4557,460
4558,460
4559,459
4560,459
4561,460
4562,460
4563,460
4564,460
4565,460
4566,459
4567,459
4568,459
4569,459
4570,460
4571,460
4572,460
4573,461
4574,460
4575,459
4576,459
4577,459
4578,460
4579,461
4580,460
4581,460
4582,460
4583,459
4584,459
4585,459
4587,460
4588,460
4589,460
4590,460
4591,460
4592,459
4593,460
4594,460
4595,460
4596,460
4597,460
4598,460
4599,460
4600,459
4601,459
4602,459
4603,460
4604,460
4605,460
4606,460
4607,459
4608,459
4609,459
4610,459
4611,460
4612,460
4613,461
4614,461
4615,460
4616,459
4617,459
4618,459
4619,460
4620,460
4621,460
4622,460
4623,460
4624,460
4625,459
4626,459
4627,460
4628,460
4630,460
4631,460
4632,460
4633,460
4634,460
4635,460
4636,460
4637,460
4638,460
4639,460
4640,460
4641,460
4642,459
4643,459
4644,459
4645,460
4646,460
4647,460
4648,460
4649,459
4650,459
4651,459
4652,460
4653,460
4654,461
4655,460
4656,460
4657,460
4658,459
4659,460
4660,460
4661,460
4662,460
4663,461
4664,460
4665,460
4666,459
4667,459
4668,459
4669,460
4670,460
4671,460
4673,461
4674,460
4675,460
4676,459
4677,459
4678,460
4679,460
4680,460
4681,460
4682,460
4683,459
4684,459
4685,459
4686,459
4687,460
4688,460
4689,460
4690,459
4691,460
4692,459
4693,460
4694,460
4695,460
4696,460
4697,460
4698,460
4699,459
4700,459
4701,459
4702,459
4703,460
4704,460
4705,460
4706,460
4707,459
4708,459
4709,460
4710,460
4711,460
4712,460
4713,461
4715,461
4716,460
4717,459
4718,459
4719,460
4720,460
4721,460
4722,460
4723,460
4724,459
4725,459
4726,459
4727,459
4728,460
4729,460
4730,460
4731,460
4732,460
4733,460
4734,460
4735,460
4736,459
4737,460
4738,460
4739,460
4740,460
4741,459
4742,459
4743,459
4744,459
4745,460
4746,460
4747,460
4748,460
4749,459
4750,459
4751,459
4752,460
4753,460
4754,461
4755,460
4756,460
4758,459
4759,458
4760,459
4761,460
4762,460
4763,460
4764,460
4765,460
4766,459
4767,459
4768,459
4769,459
4770,460
4771,460
4772,459
4773,460
4774,460
4775,460
4776,459
4777,459
4778,460
4779,460
4780,461
4781,460
4782,460
4783,459
4784,459
4785,459
4786,460
4787,460
4788,460
4789,460
4790,459
4791,459
4792,459
4793,460
4794,460
4795,460
4796,460
4797,460
4798,460
4799,459
4801,459
4802,459
4803,460
4804,460
4805,460
4806,460
4807,460
4808,460
4809,459
4810,459
4811,459
4812,460
4813,460
4814,461
4815,460
4816,459
4817,459
4818,459
4819,460
4820,460
4821,457
4822,460
4823,460
4824,460
4825,459
4826,459
4827,460
4828,460
4829,460
4830,460
4831,460
4832,459
4833,460
4834,460
4835,459
4836,460
4837,460
4838,460
4839,460
4840,459
4841,459
4843,459
4844,460
4845,460
4846,460
4847,460
4848,460
4849,460
4850,459
4851,459
4852,459
4853,460
4854,461
4855,461
4856,460
4857,460
4858,459
4859,459
4860,459
4861,460
4862,460
4863,460
4864,460
4865,460
4866,460
4867,460
4868,459
4869,460
4870,460
4871,460
4872,460
4873,460
4874,460
4875,459
4876,459
4877,460
4878,460
4879,460
4880,460
4881,460
4882,459
4883,459
4884,459
4886,459
4887,460
4888,460
4889,460
4890,460
4891,459
4892,459
4893,459
4894,460
4895,460
4896,460
4897,460
4898,460
4899,459
4900,459
4901,459
4902,459
4903,460
4904,460
4905,460
4906,460
4907,460
4908,459
4909,459
4910,459
4911,460
4912,460
4913,461
4914,460
4915,459
4916,459
4917,459
4918,459
4919,460
4920,460
4921,460
4922,460
4923,460
4924,459
4925,459
4926,459
4927,460
4929,460
4930,460
4931,460
4932,460
4933,460
4934,459
4935,460
4936,460
4937,460
4938,460
4939,460
4940,460
4941,459
4942,459
4943,459
4944,460
4945,460
4946,460
4947,460
4948,460
4949,460
4950,459
4951,459
4952,459
4953,461
4954,461
4955,460
4956,460
4957,459
4958,459
4959,459
4960,459
4961,460
4962,460
4963,460
4964,460
4965,460
4966,459
4967,459
4968,459
4969,460
4971,460
4972,460
4973,460
4974,460
4975,460
4976,459
4977,460
4978,460
4979,460
4980,461
4981,460
4982,460
4983,459
4984,459
4985,459
4986,460
4987,460
4988,460
4989,460
4990,460
4991,459
4992,459
4993,460
4994,460
4995,460
4996,460
4997,460
4998,460
4999,460
5000,459
5001,459
5002,460
5003,460
5004,460
5005,460
5006,460
5007,459
5008,459
5009,459
5010,460
5011,460
5012,460
5014,460
5015,460
5016,459
5017,459
5018,459
5019,459
5020,460
5021,460
5022,459
5023,460
5024,460
5025,459
5026,459
5027,459
5028,460
5029,460
5030,459
5031,460
5032,459
5033,460
5034,459
5035,459
5036,460
5037,460
5038,459
5039,458
5040,455
5041,459
5042,458
5043,459
5044,459
5045,460
5046,460
5047,459
5048,460
5049,459
5050,459
5051,459
5052,460
5053,460
5054,461
5055,460
5057,460
5058,459
5059,459
5060,459
5061,459
5062,460
5063,460
5064,460
5065,460
5066,460
5067,459
5068,459
5069,460
5070,460
5071,460
5072,460
5073,460
5074,460
5075,459
5076,459
5077,459
5078,460
5079,460
5080,460
5081,460
5082,460
5083,459
5084,459
5085,459
5086,460
5087,460
5088,460
5089,460
5090,459
5091,459
5092,459
5093,460
5094,460
5095,460
5096,460
5097,460
5099,460
5100,459
5101,459
5102,459
5103,460
5104,460
5105,460
5106,460
5107,459
5108,459
5109,459
5110,459
5111,459
5112,459
5113,460
5114,461
5115,460
5116,459
5117,459
5118,459
5119,459
5120,460
5121,460
5122,460
5123,460
5124,459
5125,459
5126,459
5127,459
5128,460
5129,460
5130,460
5131,460
5132,459
5133,460
5134,460
5135,459
5136,460
5137,459
5138,460
5139,460
5140,459
5142,459
5143,459
5144,459
5145,460
5146,460
5147,460
5148,460
5149,460
5150,459
5151,459
5152,459
5153,460
5154,461
5155,461
5156,460
5157,459
5158,459
5159,449
5160,459
5161,460
5162,460
5163,460
5164,460
5165,460
5166,459
5167,459
5168,459
5169,460
5170,460
5171,460
5172,460
5173,460
5174,460
5175,459
5176,459
5177,460
5178,460
5179,460
5180,460
5181,459
5182,459
5183,459
5185,459
5186,460
5187,460
5188,460
5189,460
5190,460
5191,459
5192,459
5193,460
5194,460
5195,461
5196,460
5197,460
5198,460
5199,456
5200,459
5201,459
5202,460
5203,460
5204,460
5205,460
5206,460
5207,459
5208,459
5209,459
5210,459
5211,460
5212,460
5213,461
5214,460
5215,459
5216,459
5217,459
5218,459
5219,460
5220,460
5221,460
5222,460
5223,459
5224,459
5225,459
5227,459
5228,460
5229,460
5230,460
5231,460
5232,460
5233,460
5234,460
5235,460
5236,460
5237,460
5238,460
5239,460
5240,460
5241,459
5242,459
5243,459
5244,459
5245,460
5246,460
5247,460
5248,460
5249,459
5250,459
5251,459
5252,460
5253,461
5254,461
5255,460
5256,460
5257,460
5258,459
5259,460
5260,460
5261,460
5262,460
5263,460
5264,460
5265,460
5266,459
5267,459
5268,459
5270,460
5271,460
5272,460
5273,460
5274,460
5275,460
5276,459
5277,460
5278,460
5279,460
5280,460
5281,460
5282,460
5283,459
5284,459
5285,460
5286,460
5287,460
5288,460
5289,460
5290,460
5291,459
5292,459
5293,460
5294,460
5295,460
5296,460
5297,460
5298,459
5299,459
5300,459
5301,459
5302,460
5303,460
5304,460
5305,460
5306,460
5307,459
5308,459
5309,459
5310,460
5311,460
5313,460
5314,461
5315,460
5316,459
5317,459
5318,459
5319,460
5320,460
5321,460
5322,460
5323,460
5324,459
5325,459
5326,459
5327,460
5328,460
5329,460
5330,460
5331,460
5332,460
5333,460
5334,460
5335,460
5336,460
5337,460
5338,460
5339,460
5340,459
5341,459
5342,459
5343,460
5344,460
5345,460
5346,460
5347,460
5348,460
5349,459
5350,459
5351,459
5352,460
5353,461
5355,461
5356,460
5357,460
5358,459
5359,459
5360,459
5361,460
5362,460
5363,460
5364,460
5365,460
5366,459
5367,459
5368,459
5369,459
5370,460
5371,460
5372,460
5373,460
5374,460
5375,459
5376,460
5377,460
5378,460
5379,460
5380,460
5381,460
5382,459
5383,459
5384,459
5385,460
5386,459
5387,460
5388,460
5389,460
5390,459
5391,459
5392,459
5393,460
5394,461
5395,460
5396,460
5398,460
5399,459
5400,459
5401,459
5402,460
5403,460
5404,460
5405,460
5406,460
5407,459
5408,459
5409,459
5410,460
5411,460
5412,460
5413,461
5414,460
5415,460
5416,459
5417,459
5418,459
5419,460
5420,460
5421,460
5422,460
5423,459
5424,459
5425,459
5426,459
5427,460
5428,460
5429,460
5430,460
5431,460
5432,460
5433,460
5434,460
5435,460
5436,460
5437,460
5438,460
5439,460
5441,459
5442,459
5443,459
5444,459
5445,460
5446,460
5447,460
5448,460
5449,459
5450,459
5451,459
5452,459
5453,460
5454,461
5455,461
5456,460
5457,459
5458,459
5459,459
5460,459
5461,460
5462,460
5463,460
5464,460
5465,459
5466,459
5467,459
5468,460
5469,460
5470,460
5471,460
5472,460
5473,460
5474,460
5475,459
5476,459
5477,460
5478,460
5479,460
5480,460
5481,460
5483,459
5484,459
5485,459
5486,460
5487,460
5488,460
5489,460
5490,460
5491,459
5492,459
5493,460
5494,460
5495,461
5496,460
5497,460
5498,460
5499,459
5500,459
5501,459
5502,459
5503,460
5504,460
5505,460
5506,460
5507,459
5508,459
5509,459
5510,460
5511,460
5512,460
5513,461
5514,460
5515,459
5516,459
5517,459
5518,459
5519,460
5520,460
5521,460
5522,460
5523,459
5524,459
5526,459
5527,459
5528,460
5529,460
5530,460
5531,460
5532,459
5533,459
5534,460
5535,460
5536,460
5537,460
5538,460
5539,460
5540,460
5541,459
5542,459
5543,459
5544,459
5545,460
5546,460
5547,460
5548,459
5549,459
5550,459
5551,459
5552,460
5553,461
5554,461
5555,460
5556,460
5557,459
5558,459
5559,459
5560,460
5561,460
5562,460
5563,460
5564,460
5565,459
5566,459
5567,459
5569,460
5570,460
5571,460
5572,460
5573,460
5574,460
5575,460
5576,459
5577,460
5578,460
5579,460
5580,460
5581,460
5582,459
5583,459
5584,459
5585,460
5586,460
5587,460
5588,460
5589,460
5590,459
5591,459
5592,459
5593,460
5594,460
5595,460
5596,460
5597,460
5598,459
5599,459
5600,459
5601,459
5602,460
5603,460
5604,460
5605,460
5606,460
5607,459
5608,459
5609,459
5611,460
5612,460
5613,460
5614,461
5615,460
5616,459
5617,459
5618,455
5619,460
5620,460
5621,460
5622,458
5623,460
5624,459
5625,459
5626,459
5627,460
5628,460
5629,460
5630,460
5631,460
5632,459
5633,460
5634,460
5635,460
5636,460
5637,460
5638,460
5639,460
5640,460
5641,459
5642,459
5643,460
5644,460
5645,460
5646,460
5647,460
5648,459
5649,459
5650,459
5651,460
5652,460
5654,461
5655,461
5656,460
5657,460
5658,459
5659,459
5660,459
5661,460
5662,460
5663,460
5664,460
5665,459
5666,459
5667,459
5668,459
5669,460
5670,460
5671,460
5672,460
5673,460
5674,460
5675,460
5676,459
5677,460
5678,460
5679,461
5680,460
5681,460
5682,459
5683,459
5684,459
5685,460
5686,460
5687,460
5688,460
5689,460
5690,459
5691,459
5692,460
5693,460
5694,461
5695,460
5697,460
5698,460
5699,459
5700,459
5701,459
5702,459
5703,460
5704,460
5705,460
5706,460
5707,459
5708,459
5709,459
5710,459
5711,460
5712,460
5713,461
5714,460
5715,460
5716,459
5717,459
5718,459
5719,454
5720,460
5721,460
5722,460
5723,459
5724,459
5725,459
5726,459
5727,460
5728,460
5729,460
5730,460
5731,459
5732,459
5733,460
5734,460
5735,460
5736,460
5737,460
5739,460
5740,460
5741,459
5742,459
5743,459
5744,460
5745,460
5746,460
5747,460
5748,460
5749,459
5750,459
5751,459
5752,460
5753,460
5754,461
5755,461
5756,460
5757,459
5758,459
5759,459
5760,460
5761,460
5762,460
5763,460
5764,460
5765,459
5766,459
5767,459
5768,459
5769,460
5770,460
5771,460
5772,460
5773,460
5774,460
5775,459
5776,459
5777,460
5778,460
5779,460
5780,460
5782,459
5783,459
5784,459
5785,459
5786,460
5787,460
5788,460
5789,460
5790,460
5791,459
5792,459
5793,460
5794,460
5795,461
5796,460
5797,460
5798,460
5799,459
5800,459
5801,459
5802,460
5803,460
5804,460
5805,460
5806,460
5807,459
5808,460
5809,459
5810,460
5811,460
5812,460
5813,461
5814,460
5815,460
5816,459
5817,459
5818,460
5819,460
5820,460
5821,460
5822,460
5823,459
5825,459
5826,459
5827,460
5828,460
5829,460
5830,460
5831,460
5832,459
5833,460
5834,460
5835,460
5836,460
5837,461
5838,460
5839,460
5840,459
5841,459
5842,459
5843,459
5844,460
5845,460
5846,460
5847,460
5848,460
5849,459
5850,459
5851,459
5852,460
5853,461
5854,461
5855,460
5856,460
5857,459
5858,459
5859,459
5860,460
5861,460
5862,460
5863,460
5864,460
5865,459
5867,459
5868,459
5869,460
5870,460
5871,460
5872,460
5873,460
5874,460
5875,460
5876,459
5877,460
5878,460
5879,461
5880,460
5881,460
5882,459
5883,459
5884,459
5885,460
5886,460
5887,460
5888,460
5889,460
5890,459
5891,459
5892,459
5893,460
5894,461
5895,461
5896,461
5897,460
5898,460
5899,459
5900,459
5901,460
5902,460
5903,460
5904,460
5905,460
5906,460
5907,459
5908,459
5910,459
5911,460
5912,460
5913,460
5914,460
5915,460
5916,459
5917,459
5918,460
5919,459
5920,458
5921,460
5922,460
5923,459
5924,459
5925,459
5926,459
5927,459
5928,460
5929,460
5930,460
5931,460
5932,459
5933,460
5934,460
5935,460
5936,460
5937,460
5938,460
5939,460
5940,459
5941,459
5942,459
5943,460
5944,460
5945,460
5946,460
5947,460
5948,459
5949,459
5950,459
5951,459
5953,460
5954,460
5955,460
5956,460
5957,459
5958,459
5959,459
5960,460
5961,460
5962,460
5963,460
5964,460
5965,459
5966,460
5967,459
5968,460
5969,460
5970,460
5971,460
5972,460
5973,460
5974,459
5975,460
5976,459
5977,460
5978,460
5979,460
5980,460
5981,460
5982,459
5983,459
5984,459
5985,460
5986,460
5987,460
5988,460
5989,460
5990,459
5991,459
5992,459
5993,460
5995,460
5996,460
5997,460
5998,460
5999,459
6000,459
6001,459
6002,460
6003,460
6004,460
6005,460
6006,460
6007,459
6008,459
6009,459
6010,459
6011,460
6012,460
6013,461
6014,460
6015,460
6016,459
6017,459
6018,460
6019,460
6020,460
6021,460
6022,460
6023,460
6024,459
6025,459
6026,459
6027,460
6028,461
6029,460
6030,460
6031,459
6032,459
6033,460
6034,460
6035,460
6036,460
6038,460
6039,460
6040,460
6041,459
6042,459
6043,459
6044,460
6045,460
6046,460
6047,460
6048,459
6049,459
6050,459
6051,459
6052,460
6053,461
6054,461
6055,460
6056,460
6057,459
6058,459
6059,459
6060,460
6061,460
6062,460
6063,460
6064,460
6065,459
6066,459
6067,459
6068,459
6069,460
6070,460
6071,460
6072,459
6073,460
6074,460
6075,459
6076,460
6077,460
6078,460
6079,458
6081,459
6082,459
6083,459
6084,459
6085,458
6086,460
6087,460
6088,460
6089,460
6090,459
6091,459
6092,459
6093,459
6094,460
6095,461
6096,460
6097,460
6098,459
6099,459
6100,459
6101,460
6102,460
6103,460
6104,460
6105,460
6106,459
6107,459
6108,459
6109,459
6110,460
6111,460
6112,460
6113,461
6114,460
6115,460
6116,459
6117,459
6118,460
6119,460
6120,460
6121,460
6123,459
6124,459
6125,459
6126,459
6127,459
6128,460
6129,460
6130,460
6131,459
6132,459
6133,459
6134,460
6135,460
6136,460
6137,460
6138,460
6139,460
6140,459
6141,459
6142,459
6143,459
6144,460
6145,460
6146,460
6147,460
6148,459
6149,459
6150,459
6151,460
6152,460
6153,461
6154,461
6155,460
6156,459
6157,459
6158,459
6159,459
6160,460
6161,460
6162,460
6163,460
6164,459
6166,459
6167,459
6168,459
6169,460
6170,460
6171,461
6172,460
6173,459
6174,460
6175,459
6176,459
6177,460
6178,460
6179,460
6180,460
6181,460
6182,459
6183,459
6184,459
6185,460
6186,460
6187,460
6188,460
6189,460
6190,459
6191,459
6192,459
6193,460
6194,461
6195,460
6196,460
6197,459
6198,459
6199,459
6200,459
6201,460
6202,460
6203,460
6204,460
6205,460
6206,459
6207,459
6209,459
6210,460
6211,460
6212,460
6213,460
6214,460
6215,460
6216,459
6217,459
6218,459
6219,460
6220,460
6221,460
6222,460
6223,459
6224,459
6225,459
6226,460
6227,460
6228,460
6229,460
6230,460
6231,460
6232,459
6233,460
6234,460
6235,460
6236,460
6237,460
6238,460
6239,459
6240,459
6241,459
6242,459
6243,460
6244,460
6245,460
6246,460
6247,459
6248,459
6249,459
6251,459
6252,460
6253,460
6254,461
6255,461
6256,460
6257,459
6258,459
6259,459
6260,460
6261,460
6262,460
6263,460
6264,460
6265,460
6266,459
6267,459
6268,460
6269,460
6270,460
6271,460
6272,460
6273,460
6274,460
6275,460
6276,460
6277,460
6278,460
6279,460
6280,460
6281,460
6282,459
6283,460
6284,459
6285,460
6286,460
6287,460
6288,460
6289,460
6290,459
6291,459
6292,460
6294,460
6295,460
6296,460
6297,460
6298,459
6299,459
6300,459
6301,459
6302,460
6303,460
6304,460
6305,460
6306,460
6307,459
6308,459
6309,459
6310,460
6311,460
6312,460
6313,461
6314,460
6315,460
6316,459
6317,459
6318,460
6319,460
6320,460
6321,460
6322,460
6323,459
6324,459
6325,459
6326,460
6327,460
6328,461
6329,460
6330,460
6331,460
6332,459
6333,460
6334,460
6335,460
6337,460
6338,460
6339,460
6340,459
6341,459
6342,459
6343,459
6344,460
6345,460
6346,461
6347,460
6348,460
6349,459
6350,459
6351,459
6352,460
6353,461
6354,461
6355,461
6356,459
6357,459
6358,459
6359,459
6360,460
6361,460
6362,460
6363,460
6364,459
6365,459
6366,460
6367,459
6368,460
6369,460
6370,460
6371,460
6372,459
6373,460
6374,459
6375,459
6376,459
6377,460
6379,460
6380,460
6381,460
6382,459
6383,459
6384,459
6385,458
6386,460
6387,460
6388,460
6389,460
6390,459
6391,459
6392,459
6393,460
6394,461
6395,461
6396,460
6397,459
6398,460
6399,459
6400,459
6401,458
6402,460
6403,460
6404,460
6405,460
6406,460
6407,459
6408,459
6409,460
6410,460
6411,460
6412,460
6413,460
6414,460
6415,459
6416,459
6417,459
6418,460
6419,460
6420,460
6422,460
6423,460
6424,459
6425,459
6426,459
6427,460
6428,460
6429,460
6430,460
6431,460
6432,459
6433,459
6434,460
6435,460
6436,460
6437,460
6438,460
6439,460
6440,459
6441,459
6442,459
6443,460
6444,460
6445,460
6446,460
6447,459
6448,459
6449,459
6450,459
6451,459
6452,460
6453,461
6454,460
6455,460
6456,459
6457,456
6458,459
6459,459
6460,459
6461,460
6462,460
6463,452
6465,459
6466,459
6467,459
6468,459
6469,460
6470,460
6471,459
6472,459
6473,459
6474,460
6475,459
6476,453
6477,459
6478,459
6479,458
6480,456
6481,459
6482,459
6483,459
6484,459
6485,459
6486,460
6487,460
6488,460
6489,459
6490,459
6491,459
6492,459
6493,460
6494,461
6495,460
6496,460
6497,459
6498,459
6499,459
6500,459
6501,460
6502,460
6503,460
6504,460
6505,460
6507,459
6508,459
6509,459
6510,460
6511,460
6512,460
6513,460
6514,460
6515,460
6516,459
6517,459
6518,460
6519,460
6520,460
6521,460
6522,460
6523,459
6524,459
6525,459
6526,459
6527,460
6528,460
6529,460
6530,460
6531,459
6532,459
6533,460
6534,460
6535,460
6536,460
6537,460
6538,460
6539,459
6540,459
6541,459
6542,459
6543,460
6544,460
6545,460
6546,460
6547,459
6548,459
6550,459
6551,459
6552,459
6553,460
6554,461
6555,460
6556,459
6557,459
6558,459
6559,460
6560,460
6561,460
6562,460
6563,460
6564,460
6565,459
6566,459
6567,459
6568,460
6569,460
6570,460
6571,460
6572,460
6573,460
6574,459
6575,460
6576,459
6577,460
6578,460
6579,460
6580,460
6581,459
6582,459
6583,459
6584,460
6585,460
6586,461
6587,460
6588,460
6589,459
6590,460
6591,459
6593,460
6594,460
6595,461
6596,460
6597,460
6598,460
6599,459
6600,459
6601,459
6602,460
6603,460
6604,460
6605,460
6606,460
6607,459
6608,459
6609,460
6610,460
6611,460
6612,460
6613,460
6614,460
6615,460
6616,459
6617,459
6618,460
6619,460
6620,459
6621,460
6622,459
6623,459
6624,459
6625,459
6626,460
6627,460
6628,460
6629,460
6630,460
6631,459
6632,459
6633,460
6635,460
6636,460
6637,460
6638,460
6639,459
6640,459
6641,459
6642,459
6643,460
6644,460
6645,460
6646,460
6647,460
6648,459
6649,459
6650,459
6651,459
6652,460
6653,460
6654,461
6655,460
6656,459
6657,459
6658,459
6659,459
6660,459
6661,460
6662,460
6663,460
6664,459
6665,459
6666,459
6667,459
6668,460
6669,460
6670,460
6671,460
6672,459
6673,459
6674,459
6675,459
6676,460
6678,460
6679,460
6680,460
6681,459
6682,459
6683,459
6684,459
6685,460
6686,460
6687,460
6688,460
6689,460
6690,459
6691,459
6692,459
6693,460
6694,460
6695,461
6696,460
6697,459
6698,459
6699,459
6700,459
6701,460
6702,460
6703,460
6704,460
6705,460
6706,459
6707,459
6708,459
6709,460
6710,460
6711,460
6712,460
6713,460
6714,460
6715,459
6716,459
6717,459
6718,460
6719,460
6721,460
6722,460
6723,459
6724,459
6725,459
6726,460
6727,460
6728,460
6729,460
6730,460
6731,459
6732,459
6733,459
6734,460
6735,460
6736,460
6737,460
6738,460
6739,460
6740,459
6741,459
6742,460
6743,460
6744,460
6745,460
6746,460
6747,459
6748,459
6749,459
6750,459
6751,460
6752,460
6753,461
6754,461
6755,460
6756,459
6757,459
6758,459
6759,460
6760,460
6761,460
6763,460
6764,459
6765,459
6766,459
6767,459
6768,459
6769,460
6770,460
6771,460
6772,460
6773,459
6774,460
6775,459
6776,459
6777,460
6778,460
6779,460
6780,460
6781,459
6782,459
6783,459
6784,459
6785,460
6786,460
6787,460
6788,460
6789,459
6790,459
6791,459
6792,460
6793,461
6794,461
6795,460
6796,460
6797,459
6798,459
6799,459
6800,459
6801,460
6802,460
6803,460
6804,460
6806,460
6807,459
6808,459
6809,459
6810,460
6811,460
6812,460
6813,460
6814,460
6815,460
6816,459
6817,459
6818,460
6819,460
6820,460
6821,460
6822,460
6823,459
6824,459
6825,459
6826,459
6827,460
6828,460
6829,460
6830,460
6831,459
6832,459
6833,460
6834,460
6835,460
6836,460
6837,460
6838,460
6839,459
6840,459
6841,459
6842,460
6843,460
6844,460
6845,460
6846,460
6847,459
6849,459
6850,459
6851,459
6852,460
6853,461
6854,461
6855,461
6856,460
6857,459
6858,459
6859,460
6860,460
6861,460
6862,460
6863,460
6864,459
6865,459
6866,459
6867,459
6868,460
6869,460
6870,460
6871,460
6872,460
6873,460
6874,460
6875,460
6876,460
6877,460
6878,460
6879,460
6880,460
6881,460
6882,459
6883,459
6884,460
6885,460
6886,460
6887,460
6888,460
6889,459
6891,459
6892,459
6893,460
6894,461
6895,461
6896,460
6897,460
6898,460
6899,459
6900,459
6901,459
6902,460
6903,460
6904,460
6905,460
6906,460
6907,459
6908,460
6909,460
6910,460
6911,460
6912,461
6913,460
6914,460
6915,460
6916,459
6917,459
6918,460
6919,460
6920,460
6921,460
6922,460
6923,459
6924,459
6925,459
6926,460
6927,460
6928,460
6929,460
6930,460
6931,459
6932,459
6934,460
6935,461
6936,460
6937,460
6938,460
6939,460
6940,459
6941,459
6942,459
6943,460
6944,461
6945,460
6946,460
6947,460
6948,459
6949,459
6950,459
6951,460
6952,460
6953,461
6954,461
6955,460
6956,459
6957,459
6958,459
6959,460
6960,460
6961,460
6962,460
6963,460
6964,459
6965,459
6966,459
6967,460
6968,460
6969,460
6970,460
6971,460
6972,460
6973,460
6974,460
6975,460
6977,460
6978,460
6979,460
6980,460
6981,459
6982,459
6983,459
6984,459
6985,460
6986,460
6987,460
6988,460
6989,460
6990,459
6991,459
6992,460
6993,460
6994,461
6995,461
6996,460
6997,460
6998,459
6999,459
7000,459
7001,460
7002,460
7003,461
7004,460
7005,460
7006,459
7007,459
7008,460
7009,460
7010,460
7011,460
7012,460
7013,460
7014,460
7015,459
7016,459
7017,460
7019,460
7020,461
7021,460
7022,460
7023,459
7024,459
7025,459
7026,460
7027,460
7028,460
7029,460
7030,460
7031,459
7032,459
7033,459
7034,460
7035,460
7036,460
7037,460
7038,460
7039,460
7040,459
7041,459
7042,460
7043,460
7044,460
7045,460
7046,460
7047,459
7048,459
7049,459
7050,459
7051,460
7052,460
7053,461
7054,461
7055,460
7056,459
7057,459
7058,459
7059,460
7060,460
7062,460
7063,460
7064,459
7065,459
7066,459
7067,459
7068,460
7069,460
7070,460
7071,460
7072,459
7073,459
7074,460
7075,460
7076,460
7077,460
7078,460
7079,460
7080,460
7081,459
7082,459
7083,459
7084,459
7085,460
7086,460
7087,460
7088,460
7089,459
7090,459
7091,459
7092,460
7093,460
7094,461
7095,461
7096,460
7097,459
7098,459
7099,459
7100,460
7101,460
7102,460
7103,460
7105,460
7106,460
7107,459
7108,459
7109,460
7110,460
7111,460
7112,460
7113,460
7114,460
7115,460
7116,459
7117,459
7118,459
7119,459
7120,460
7121,460
7122,459
7123,459
7124,459
7125,459
7126,460
7127,460
7128,460
7129,460
7130,460
7131,459
7132,459
7133,460
7134,460
7135,460
7136,460
7137,460
7138,460
7139,459
7140,459
7141,459
7142,460
7143,460
7144,460
7145,460
7147,460
7148,459
7149,459
7150,459
7151,460
7152,460
7153,460
7154,461
7155,460
7156,459
7157,459
7158,459
7159,459
7160,460
7161,460
7162,460
7163,460
7164,459
7165,459
7166,459
7167,459
7168,460
7169,460
7170,460
7171,460
7172,460
7173,460
7174,460
7175,460
7176,460
7177,460
7178,460
7179,460
7180,459
7181,459
7182,459
7183,459
7184,460
7185,460
7186,460
7187,460
7188,459
7190,459
7191,459
7192,460
7193,460
7194,461
7195,461
7196,460
7197,459
7198,459
7199,459
7200,459
7201,459
7202,460
7203,460
7204,460
7205,460
7206,459
7207,459
7208,459
7209,460
7210,460
7211,460
7212,460
7213,460
7214,460
7215,460
7216,459
7217,459
7218,455
7219,460
7220,460
7221,460
7222,459
7223,459
7224,459
7225,459
7226,460
7227,460
7228,460
7229,460
7230,459
7231,459
7233,459
7234,460
7235,460
7236,460
7237,460
7238,460
7239,459
7240,459
7241,459
7242,459
7243,460
7244,460
7245,460
7246,460
7247,459
7248,459
7249,459
7250,459
7251,460
7252,460
7253,460
7254,461
7255,460
7256,459
7257,459
7258,459
7259,460
7260,460
7261,460
7262,460
7263,460
7264,459
7265,459
7266,459
7267,459
7268,460
7269,460
7270,460
7271,460
7272,459
7273,460
7275,460
7276,460
7277,460
7278,460
7279,460
7280,460
7281,459
7282,459
7283,459
7284,459
7285,460
7286,460
7287,460
7288,460
7289,459
7290,459
7291,459
7292,459
7293,460
7294,461
7295,461
7296,460
7297,460
7298,459
7299,459
7300,459
7301,460
7302,460
7303,460
7304,460
7305,459
7306,459
7307,459
7308,459
7309,460
7310,460
7311,460
7312,460
7313,460
7314,460
7315,459
7316,459
7318,460
7319,455
7320,459
7321,460
7322,460
7323,459
7324,455
7325,459
7326,460
7327,460
7328,460
7329,460
7330,459
7331,458
7332,459
7333,459
7334,460
7335,459
7336,460
7337,460
7338,460
7339,459
7340,459
7341,459
7342,460
7343,460
7344,460
7345,461
7346,460
7347,460
7348,459
7349,459
7350,459
7351,460
7352,460
7353,461
7354,460
7355,460
7356,459
7357,459
7358,459
7359,460
7361,460
7362,460
7363,460
7364,459
7365,459
7366,459
7367,459
7368,460
7369,460
7370,460
7371,460
7372,460
7373,459
7374,460
7375,460
7376,460
7377,460
7378,460
7379,460
7380,460
7381,459
7382,459
7383,459
7384,459
7385,460
7386,460
7387,460
7388,460
7389,459
7390,459
7391,459
7392,460
7393,461
7394,461
7395,460
7396,460
7397,460
7398,459
7399,459
7400,459
7401,459
7403,460
7404,460
7405,460
7406,459
7407,459
7408,459
7409,460
7410,460
7411,460
7412,460
7413,460
7414,460
7415,460
7416,459
7417,459
7418,460
7419,460
7420,460
7421,459
7422,459
7423,458
7424,459
7425,460
7426,459
7427,460
7428,460
7429,460
7430,459
7431,459
7432,459
7433,460
7434,460
7435,460
7436,460
7437,460
7438,460
7439,459
7440,459
7441,457
7442,460
7443,460
7444,460
7446,460
7447,460
7448,459
7449,459
7450,459
7451,460
7452,460
7453,460
7454,461
7455,460
7456,459
7457,459
7458,459
7459,460
7460,460
7461,460
7462,460
7463,460
7464,459
7465,459
7466,459
7467,460
7468,460
7469,460
7470,460
7471,460
7472,459
7473,460
7474,460
7475,460
7476,460
7477,460
7478,460
7479,460
7480,460
7481,459
7482,459
7483,459
7484,460
7485,460
7486,460
7487,460
7489,460
7490,460
7491,459
7492,460
7493,460
7494,461
7495,461
7496,460
7497,460
7498,459
7499,459
7500,460
7501,460
7502,460
7503,460
7504,460
7505,459
7506,459
7507,459
7508,459
7509,460
7510,460
7511,460
7512,460
7513,460
7514,460
7515,460
7516,460
7517,460
7518,460
7519,461
7520,460
7521,460
7522,459
7523,459
7524,459
7525,460
7526,460
7527,460
7528,460
7529,460
7531,459
7532,459
7533,459
7534,460
7535,461
7536,461
7537,460
7538,460
7539,460
7540,459
7541,459
7542,460
7543,460
7544,460
7545,460
7546,460
7547,460
7548,459
7549,459
7550,460
7551,460
7552,460
7553,461
7554,461
7555,460
7556,459
7557,459
7558,459
7559,460
7560,460
7561,460
7562,460
7563,460
7564,459
7565,459
7566,459
7567,460
7568,460
7569,460
7570,460
7571,460
7572,459
7574,460
7575,460
7576,460
7577,460
7578,460
7579,460
7580,460
7581,459
7582,459
7583,459
7584,459
7585,460
7586,460
7587,460
7588,460
7589,459
7590,459
7591,459
7592,460
7593,460
7594,461
7595,461
7596,460
7597,459
7598,459
7599,459
7600,460
7601,460
7602,460
7603,460
7604,460
7605,459
7606,459
7607,459
7608,459
7609,460
7610,460
7611,460
7612,460
7613,460
7614,460
7615,459
7617,460
7618,460
7619,460
7620,460
7621,460
7622,460
7623,460
7624,459
7625,460
7626,460
7627,460
7628,460
7629,460
7630,460
7631,459
7632,459
7633,459
7634,460
7635,461
7636,460
7637,460
7638,460
7639,459
7640,459
7641,459
7642,460
7643,460
7644,460
7645,460
7646,460
7647,460
7648,459
7649,459
7650,460
7651,460
7652,461
7653,461
7654,461
7655,460
7656,459
7657,459
7659,460
7660,460
7661,460
7662,460
7663,460
7664,460
7665,459
7666,459
7667,460
7668,460
7669,460
7670,460
7671,459
7672,460
7673,460
7674,460
7675,460
7676,460
7677,460
7678,461
7679,460
7680,460
7681,459
7682,459
7683,459
7684,460
7685,460
7686,460
7687,460
7688,460
7689,459
7690,459
7691,459
7692,460
7693,460
7694,460
7695,460
7696,460
7697,459
7698,459
7699,459
7700,459
7702,460
7703,460
7704,460
7705,460
7706,459
7707,458
7708,459
7709,459
7710,460
7711,460
7712,460
7713,460
7714,460
7715,459
7716,459
7717,459
7718,460
7719,459
7720,460
7721,460
7722,459
7723,458
7724,459
7725,459
7726,460
7727,459
7728,460
7729,459
7730,459
7731,459
7732,459
7733,459
7734,460
7735,460
7736,460
7737,460
7738,459
7739,459
7740,459
7741,459
7742,460
7743,460
7745,460
7746,460
7747,459
7748,459
7749,459
7750,459
7751,460
7752,460
7753,460
7754,460
7755,460
7756,459
7757,459
7758,459
7759,460
7760,460
7761,460
7762,460
7763,459
7764,459
7765,459
7766,459
7767,460
7768,460
7769,460
7770,460
7771,460
7772,460
7773,460
7774,460
7775,460
7776,460
7777,460
7778,460
7779,460
7780,459
7781,459
7782,459
7783,460
7784,460
7785,461
7787,460
7788,460
7789,460
7790,459
7791,459
7792,462
7793,463
7794,465
7795,465
7796,464
7797,463
7798,462
7799,461
7800,461
7801,460
7802,461
7803,461
7804,460
7805,459
7806,459
7807,459
7808,460
7809,460
7810,460
7811,461
7812,460
7813,460
7814,460
7815,460
7816,460
7817,460
7818,460
7819,460
7820,460
7821,460
7822,459
7823,459
7824,459
7825,460
7826,460
7827,460
7828,460
7830,460
7831,459
7832,459
7833,459
7834,460
7835,460
7836,460
7837,460
7838,460
7839,459
7840,458
7841,452
7842,460
7843,460
7844,460
7845,460
7846,460
7847,459
7848,458
7849,459
7850,459
7851,459
7852,460
7853,456
7854,460
7855,459
7856,458
7857,459
7858,459
7859,459
7860,459
7861,460
7862,459
7863,459
7864,459
7865,459
7866,459
7867,459
7868,460
7869,460
7870,459
7871,459
7873,458
7874,459
7875,459
7876,459
7877,459
7878,460
7879,459
7880,459
7881,459
7882,459
7883,459
7884,459
7885,460
7886,460
7887,460
7888,459
7889,459
7890,459
7891,459
7892,459
7893,460
7894,460
7895,460
7896,460
7897,459
7898,459
7899,459
7900,459
7901,460
7902,460
7903,460
7904,460
7905,459
7906,459
7907,459
7908,459
7909,460
7910,460
7911,460
7912,460
7913,460
7915,460
7916,459
7917,460
7918,460
7919,460
7920,460
7921,460
7922,460
7923,459
7924,459
7925,460
7926,460
7927,461
7928,461
7929,460
7930,460
7931,459
7932,459
7933,460
7934,461
7935,461
7936,461
7937,460
7938,460
7939,460
7940,460
7941,460
7942,460
7943,460
7944,461
7945,461
7946,460
7947,459
7948,460
7949,460
7950,460
7951,461
7952,461
7953,461
7954,461
7955,460
7956,460
7958,460
7959,460
7960,460
7961,461
7962,460
7963,460
7964,460
7965,460
7966,460
7967,460
7968,460
7969,460
7970,461
7971,460
7972,459
7973,459
7974,460
7975,460
7976,460
7977,460
7978,460
7979,460
7980,459
7981,459
7982,459
7983,459
7984,460
7985,460
7986,460
7987,460
7988,459
7989,459
7990,459
7991,459
7992,459
7993,460
7994,460
7995,460
7996,459
7997,459
7998,459
7999,459
8001,459
8002,459
8003,460
8004,459
8005,459
8006,458
8007,459
8008,459
8009,459
8010,459
8011,460
8012,459
8013,459
8014,459
8015,459
8016,458
8017,459
8018,459
8019,459
8020,459
8021,459
8022,458
8023,458
8024,458
8025,459
8026,459
8027,459
8028,459
8029,459
8030,458
8031,458
8032,458
8033,459
8034,460
8035,460
8036,459
8037,459
8038,459
8039,459
8040,459
8041,459
8043,459
8044,459
8045,460
8046,460
8047,459
8048,459
8049,459
8050,459
8051,459
8052,460
8053,460
8054,460
8055,460
8056,459
8057,459
8058,459
8059,460
8060,460
8061,460
8062,460
8063,460
8064,459
8065,459
8066,459
8067,460
8068,460
8069,461
8070,460
8071,460
8072,459
8073,460
8074,460
8075,460
8076,460
8077,460
8078,460
8079,460
8080,459
8081,459
8082,459
8083,460
8084,460
8086,461
8087,460
8088,460
8089,459
8090,459
8091,459
8092,460
8093,460
8094,461
8095,461
8096,460
8097,460
8098,459
8099,459
8100,460
8101,460
8102,460
8103,460
8104,460
8105,460
8106,459
8107,459
8108,460
8109,460
8110,460
8111,460
8112,460
8113,460
8114,459
8115,460
8116,459
8117,460
8118,460
8119,460
8120,460
8121,459
8122,459
8123,459
8124,459
8125,459
8126,460
8127,460
8129,460
8130,459
8131,459
8132,459
8133,459
8134,460
8135,460
8136,460
8137,460
8138,459
8139,459
8140,458
8141,458
8142,459
8143,459
8144,459
8145,459
8146,459
8147,458
8148,458
8149,458
8150,458
8151,459
8152,459
8153,459
8154,459
8155,459
8156,458
8157,458
8158,458
8159,459
8160,459
8161,459
8162,458
8163,458
8164,458
8165,458
8166,458
8167,458
8168,458
8169,458
8171,458
8172,458
8173,458
8174,458
8175,458
8176,459
8177,459
8178,459
8179,458
8180,458
8181,458
8182,458
8183,458
8184,458
8185,458
8186,459
8187,459
8188,458
8189,458
8190,458
8191,458
8192,458
8193,459
8194,460
8195,459
8196,459
8197,459
8198,458
8199,458
8200,459
8201,459
8202,459
8203,459
8204,459
8205,459
8206,459
8207,459
8208,459
8209,460
8210,460
8211,460
8212,460
8214,459
8215,459
8216,459
8217,459
8218,459
8219,460
8220,460
8221,454
8222,459
8223,459
8224,459
8225,459
8226,460
8227,460
8228,460
8229,459
8230,459
8231,459
8232,459
8233,457
8234,460
8235,461
8236,460
8237,460
8238,460
8239,457
8240,459
8241,459
8242,460
8243,460
8244,460
8245,460
8246,459
8247,459
8248,459
8249,459
8250,460
8251,460
8252,460
8253,460
8254,460
8255,459
8257,459
8258,459
8259,459
8260,460
8261,460
8262,459
8263,459
8264,458
8265,458
8266,458
8267,459
8268,459
8269,459
8270,459
8271,459
8272,458
8273,458
8274,459
8275,459
8276,459
8277,459
8278,459
8279,458
8280,458
8281,458
8282,458
8283,458
8284,458
8285,459
8286,458
8287,458
8288,458
8289,457
8290,457
8291,458
8292,458
8293,459
8294,459
8295,459
8296,457
8297,457
8299,458
8300,457
8301,458
8302,458
8303,458
8304,458
8305,457
8306,457
8307,457
8308,457
8309,458
8310,458
8311,458
8312,458
8313,457
8314,458
8315,458
8316,457
8317,458
8318,458
8319,458
8320,458
8321,457
8322,457
8323,457
8324,457
8325,458
8326,458
8327,458
8328,458
8329,458
8330,458
8331,457
8332,458
8333,458
8334,459
8335,459
8336,459
8337,459
8338,458
8339,458
8340,458
8342,458
8343,459
8344,459
8345,459
8346,459
8347,458
8348,458
8349,458
8350,459
8351,459
8352,459
8353,459
8354,460
8355,459
8356,458
8357,458
8358,458
8359,452
8360,460
8361,460
8362,459
8363,459
8364,458
8365,459
8366,459
8367,459
8368,459
8369,460
8370,459
8371,459
8372,459
8373,459
8374,459
8375,460
8376,460
8377,460
8378,460
8379,459
8380,459
8381,459
8382,459
8383,459
8385,460
8386,460
8387,460
8388,459
8389,459
8390,459
8391,459
8392,459
8393,459
8394,460
8395,460
8396,459
8397,459
8398,458
8399,458
8400,459
8401,459
8402,459
8403,459
8404,459
8405,458
8406,458
8407,458
8408,458
8409,458
8410,459
8411,459
8412,458
8413,458
8414,458
8415,458
8416,458
8417,458
8418,459
8419,459
8420,458
8421,458
8422,458
8423,458
8424,458
8425,458
8427,458
8428,458
8429,458
8430,458
8431,457
8432,457
8433,457
8434,458
8435,459
8436,458
8437,458
8438,457
8439,457
8440,457
8441,457
8442,458
8443,458
8444,458
8445,458
8446,457
8447,457
8448,457
8449,457
8450,457
8451,458
8452,458
8453,458
8454,458
8455,457
8456,457
8457,457
8458,457
8459,457
8460,458
8461,457
8462,453
8463,457
8464,457
8465,457
8466,457
8467,458
8468,458
8470,458
8471,458
8472,457
8473,457
8474,457
8475,458
8476,458
8477,458
8478,458
8479,457
8480,457
8481,457
8482,456
8483,458
8484,458
8485,458
8486,458
8487,458
8488,458
8489,457
8490,458
8491,458
8492,458
8493,459
8494,459
8495,459
8496,458
8497,458
8498,458
8499,458
8500,458
8501,459
8502,459
8503,459
8504,458
8505,458
8506,458
8507,458
8508,458
8509,459
8510,459
8511,459
8513,459
8514,459
8515,459
8516,458
8517,459
8518,459
8519,459
8520,459
8521,459
8522,458
8523,458
8524,458
8525,459
8526,459
8527,459
8528,459
8529,459
8530,458
8531,458
8532,458
8533,458
8534,459
8535,459
8536,459
8537,458
8538,458
8539,458
8540,458
8541,458
8542,459
8543,459
8544,459
8545,459
8546,458
8547,458
8548,458
8549,458
8550,459
8551,459
8552,459
8553,459
8555,458
8556,458
8557,457
8558,458
8559,458
8560,458
8561,459
8562,458
8563,458
8564,458
8565,457
8566,457
8567,458
8568,458
8569,458
8570,458
8571,457
8572,457
8573,457
8574,457
8575,458
8576,458
8577,458
8578,457
8579,457
8580,457
8581,457
8582,456
8583,457
8584,457
8585,457
8586,457
8587,457
8588,456
8589,456
8590,456
8591,457
8592,457
8593,457
8594,458
8595,457
8596,456
8598,456
8599,456
8600,456
8601,457
8602,457
8603,457
8604,457
8605,456
8606,456
8607,456
8608,456
8609,457
8610,457
8611,457
8612,457
8613,456
8614,457
8615,457
8616,457
8617,457
8618,457
8619,457
8620,457
8621,455
8622,456
8623,457
8624,457
8625,457
8626,458
8627,458
8628,458
8629,457
8630,457
8631,457
8632,457
8633,458
8634,458
8635,459
8636,458
8637,457
8638,457
8639,457
8641,457
8642,458
8643,458
8644,458
8645,458
8646,458
8647,457
8648,458
8649,457
8650,458
8651,458
8652,458
8653,458
8654,458
8655,458
8656,457
8657,458
8658,458
8659,460
8660,462
8661,463
8662,462
8663,462
8664,462
8665,462
8666,462
8667,461
8668,460
8669,459
8670,459
8671,458
8672,458
8673,458
8674,458
8675,459
8676,459
8677,458
8678,458
8679,458
8680,458
8681,457
8683,458
8684,458
8685,458
8686,458
8687,458
8688,457
8689,457
8690,457
8691,457
8692,458
8693,458
8694,459
8695,458
8696,457
8697,457
8698,457
8699,457
8700,458
8701,457
8702,458
8703,458
8704,457
8705,457
8706,457
8707,457
8708,457
8709,458
8710,458
8711,457
8712,457
8713,457
8714,457
8715,457
8716,457
8717,457
8718,457
8719,456
8720,453
8721,456
8722,456
8723,456
8724,456
8726,456
8727,457
8728,457
8729,456
8730,456
8731,456
8732,456
8733,456
8734,457
8735,457
8736,457
8737,456
8738,456
8739,456
8740,456
8741,456
8742,456
8743,456
8744,457
8745,455
8746,456
8747,455
8748,456
8749,455
8750,455
8751,457
8752,456
8753,455
8754,457
8755,456
8756,456
8757,456
8758,456
8759,456
8760,456
8761,452
8762,457
8763,456
8764,456
8765,456
8766,457
8767,457
8769,457
8770,457
8771,457
8772,457
8773,457
8774,457
8775,458
8776,458
8777,458
8778,458
8779,457
8780,457
8781,457
8782,457
8783,457
8784,457
8785,457
8786,458
8787,457
8788,457
8789,457
8790,457
8791,457
8792,458
8793,458
8794,459
8795,458
8796,457
8797,457
8798,457
8799,457
8800,458
8801,458
8802,458
8803,458
8804,457
8805,457
8806,457
8807,457
8808,457
8809,458
8811,458
8812,458
8813,457
8814,458
8815,457
8816,457
8817,457
8818,458
8819,458
8820,458
8821,457
8822,457
8823,457
8824,457
8825,458
8826,458
8827,458
8828,458
8829,457
8830,457
8831,457
8832,457
8833,457
8834,458
8835,458
8836,458
8837,457
8838,457
8839,457
8840,457
8841,457
8842,457
8843,457
8844,457
8845,457
8846,457
8847,456
8848,456
8849,457
8850,457
8851,457
8852,457
8854,457
8855,457
8856,457
8857,456
8858,456
8859,457
8860,457
8861,457
8862,457
8863,456
8864,456
8865,456
8866,456
8867,457
8868,457
8869,457
8870,456
8871,456
8872,455
8873,456
8874,456
8875,457
8876,456
8877,456
8878,456
8879,456
8880,455
8881,455
8882,455
8883,456
8884,456
8885,456
8886,456
8887,456
8888,455
8889,455
8890,455
8891,456
8892,456
8893,456
8894,457
8895,456
8897,455
8898,456
8899,456
8900,456
8901,457
8902,457
8903,457
8904,456
8905,456
8906,456
8907,456
8908,456
8909,456
8910,457
8911,457
8912,457
8913,456
8914,456
8915,457
8916,457
8917,457
8918,457
8919,457
8920,457
8921,457
8922,456
8923,456
8924,456
8925,457
8926,457
8927,457
8928,457
8929,457
8930,456
8931,456
8932,456
8933,457
8934,458
8935,458
8936,457
8937,457
8939,457
8940,456
8941,457
8942,457
8943,457
8944,457
8945,457
8946,457
8947,457
8948,457
8949,456
8950,456
8951,457
8952,457
8953,457
8954,457
8955,457
8956,456
8957,457
8958,457
8959,457
8960,457
8961,457
8962,457
8963,457
8964,456
8965,457
8966,457
8967,457
8968,457
8969,457
8970,457
8971,457
8972,457
8973,457
8974,457
8975,458
8976,458
8977,457
8978,457
8979,457
8980,456
8982,457
8983,457
8984,457
8985,457
8986,457
8987,457
8988,456
8989,456
8990,456
8991,456
8992,457
8993,457
8994,457
8995,457
8996,457
8997,456
8998,456
8999,456
9000,457
9001,457
9002,457
9003,457
9004,456
9005,456
9006,456
9007,456
9008,456
9009,456
9010,457
9011,456
9012,456
9013,456
9014,456
9015,456
9016,456
9017,456
9018,456
9019,456
9020,456
9021,455
9022,455
9023,455
9025,455
9026,455
9027,456
9028,456
9029,456
9030,455
9031,455
9032,455
9033,455
9034,456
9035,456
9036,456
9037,456
9038,455
9039,455
9040,455
9041,455
9042,455
9043,456
9044,456
9045,456
9046,455
9047,455
9048,455
9049,455
9050,456
9051,456
9052,456
9053,455
9054,456
9055,456
9056,456
9057,455
9058,456
9059,457
9060,457
9061,457
9062,456
9063,456
9064,456
9065,455
9067,457
9068,457
9069,457
9070,456
9071,456
9072,456
9073,456
9074,456
9075,457
9076,457
9077,457
9078,456
9079,456
9080,456
9081,456
9082,456
9083,456
9084,457
9085,457
9086,456
9087,456
9088,456
9089,456
9090,455
9091,456
9092,457
9093,457
9094,457
9095,457
9096,456
9097,456
9098,456
9099,456
9100,457
9101,457
9102,457
9103,456
9104,456
9105,456
9106,456
9107,456
9108,456
9110,457
9111,457
9112,457
9113,456
9114,457
9115,456
9116,456
9117,457
9118,457
9119,457
9120,456
9121,456
9122,456
9123,456
9124,456
9125,457
9126,457
9127,457
9128,457
9129,456
9130,456
9131,456
9132,456
9133,456
9134,457
9135,457
9136,457
9137,456
9138,456
9139,456
9140,456
9141,456
9142,457
9143,457
9144,457
9145,456
9146,456
9147,456
9148,456
9149,456
9150,456
9151,457
9153,456
9154,456
9155,456
9156,456
9157,455
9158,455
9159,456
9160,456
9161,456
9162,455
9163,455
9164,455
9165,455
9166,455
9167,455
9168,456
9169,455
9170,455
9171,455
9172,455
9173,455
9174,455
9175,456
9176,455
9177,455
9178,455
9179,455
9180,454
9181,454
9182,455
9183,455
9184,455
9185,456
9186,455
9187,455
9188,455
9189,455
9190,455
9191,456
9192,456
9193,456
9195,456
9196,456
9197,455
9198,455
9199,455
9200,454
9201,455
9202,456
9203,456
9204,456
9205,455
9206,456
9207,455
9208,455
9209,456
9210,456
9211,456
9212,456
9213,456
9214,456
9215,456
9216,456
9217,456
9218,456
9219,456
9220,456
9221,455
9222,455
9223,455
9224,455
9225,456
9226,456
9227,456
9228,456
9229,456
9230,455
9231,455
9232,455
9233,456
9234,456
9235,456
9236,456
9238,456
9239,455
9240,455
9241,455
9242,456
9243,456
9244,456
9245,456
9246,455
9247,455
9248,456
9249,455
9250,456
9251,456
9252,456
9253,456
9254,456
9255,456
9256,456
9257,456
9258,456
9259,456
9260,457
9261,457
9262,456
9263,456
9264,456
9265,456
9266,456
9267,457
9268,456
9269,457
9270,456
9271,456
9272,456
9273,456
9274,457
9275,457
9276,457
9277,457
9278,456
9279,456
9281,456
9282,456
9283,456
9284,456
9285,457
9286,457
9287,456
9288,456
9289,456
9290,456
9291,456
9292,456
9293,457
9294,457
9295,457
9296,456
9297,456
9298,456
9299,456
9300,456
9301,456
9302,456
9303,456
9304,456
9305,455
9306,455
9307,455
9308,455
9309,456
9310,456
9311,456
9312,455
9313,455
9314,455
9315,455
9316,455
9317,456
9318,455
9319,456
9320,455
9321,455
9323,455
9324,455
9325,455
9326,455
9327,455
9328,455
9329,455
9330,455
9331,455
9332,455
9333,455
9334,456
9335,456
9336,456
9337,455
9338,455
9339,455
9340,455
9341,455
9342,455
9343,456
9344,456
9345,456
9346,455
9347,455
9348,455
9349,456
9350,456
9351,456
9352,456
9353,456
9354,456
9355,455
9356,455
9357,455
9358,456
9359,456
9360,456
9361,455
9362,455
9363,455
9364,455
9366,455
9367,455
9368,455
9369,456
9370,456
9371,455
9372,455
9373,455
9374,455
9375,456
9376,456
9377,456
9378,455
9379,455
9380,455
9381,455
9382,455
9383,455
9384,456
9385,456
9386,455
9387,455
9388,455
9389,455
9390,455
9391,455
9392,456
9393,456
9394,456
9395,456
9396,455
9397,455
9398,455
9399,455
9400,456
9401,456
9402,456
9403,456
9404,455
9405,456
9406,456
9407,456
9409,456
9410,457
9411,457
9412,456
9413,456
9414,456
9415,456
9416,456
9417,457
9418,457
9419,457
9420,456
9421,456
9422,456
9423,456
9424,456
9425,457
9426,457
9427,457
9428,457
9429,456
9430,456
9431,456
9432,456
9433,457
9434,457
9435,457
9436,456
9437,456
9438,456
9439,456
9440,456
9441,456
9442,456
9443,457
9444,456
9445,456
9446,456
9447,456
9448,455
9449,456
9451,456
9452,456
9453,456
9454,456
9455,456
9456,456
9457,455
9458,455
9459,456
9460,456
9461,456
9462,455
9463,455
9464,455
9465,455
9466,455
9467,456
9468,456
9469,456
9470,455
9471,455
9472,455
9473,455
9474,456
9475,456
9476,456
9477,456
9478,456
9479,455
9480,455
9481,455
9482,455
9483,456
9484,456
9485,456
9486,456
9487,455
9488,455
9489,455
9490,455
9491,456
9492,455
9494,456
9495,456
9496,455
9497,455
9498,455
9499,455
9500,455
9501,455
9502,455
9503,455
9504,455
9505,455
9506,454
9507,454
9508,455
9509,455
9510,455
9511,455
9512,455
9513,454
9514,455
9515,455
9516,455
9517,455
9518,455
9519,455
9520,455
9521,454
9522,454
9523,454
9524,455
9525,455
9526,455
9527,455
9528,455
9529,455
9530,455
9531,455
9532,455
9533,455
9534,456
9535,456
9537,455
9538,455
9539,455
9540,455
9541,455
9542,456
9543,456
9544,456
9545,456
9546,456
9547,456
9548,456
9549,456
9550,456
9551,457
9552,457
9553,456
9554,457
9555,456
9556,456
9557,456
9558,457
9559,457
9560,457
9561,457
9562,457
9563,456
9564,456
9565,456
9566,457
9567,457
9568,457
9569,457
9570,457
9571,456
9572,456
9573,456
9574,457
9575,458
9576,457
9577,457
9579,457
9580,456
9581,456
9582,456
9583,456
9584,457
9585,457
9586,457
9587,456
9588,456
9589,456
9590,456
9591,456
9592,456
9593,456
9594,457
9595,456
9596,455
9597,455
9598,455
9599,454
9600,455
9601,456
9602,456
9603,456
9604,455
9605,455
9606,455
9607,452
9608,455
9609,456
9610,456
9611,455
9612,455
9613,455
9614,454
9615,455
9616,455
9617,456
9618,455
9619,455
9620,455
9622,454
9623,455
9624,455
9625,455
9626,456
9627,456
9628,455
9629,455
9630,455
9631,455
9632,455
9633,455
9634,456
9635,456
9636,455
9637,455
9638,454
9639,454
9640,454
9641,454
9642,455
9643,455
9644,455
9645,455
9646,454
9647,454
9648,454
9649,454
9650,455
9651,455
9652,455
9653,454
9654,454
9655,454
9656,454
9657,454
9658,455
9659,455
9660,455
9661,455
9662,454
9663,454
9665,454
9666,454
9667,455
9668,455
9669,455
9670,455
9671,455
9672,455
9673,454
9674,455
9675,456
9676,456
9677,456
9678,456
9679,455
9680,455
9681,455
9682,455
9683,456
9684,456
9685,456
9686,456
9687,456
9688,456
9689,456
9690,456
9691,456
9692,457
9693,457
9694,457
9695,457
9696,456
9697,456
9698,456
9699,457
9700,457
9701,458
9702,458
9703,457
9704,457
9705,456
9707,456
9708,457
9709,457
9710,457
9711,457
9712,457
9713,456
9714,457
9715,457
9716,457
9717,457
9718,457
9719,457
9720,457
9721,456
9722,456
9723,457
9724,457
9725,457
9726,457
9727,457
9728,457
9729,456
9730,456
9731,456
9732,456
9733,457
9734,457
9735,457
9736,457
9737,456
9738,456
9739,456
9740,456
9741,456
9742,457
9743,457
9744,456
9745,456
9746,456
9747,455
9748,456
9750,456
9751,456
9752,456
9753,456
9754,456
9755,456
9756,456
9757,455
9758,456
9759,456
9760,456
9761,456
9762,456
9763,455
9764,455
9765,455
9766,455
9767,456
9768,456
9769,455
9770,455
9771,455
9772,455
9773,455
9774,455
9775,456
9776,456
9777,455
9778,455
9779,455
9780,455
9781,454
9782,455
9783,455
9784,455
9785,455
9786,455
9787,454
9788,454
9789,454
9790,454
9791,454
9793,455
9794,455
9795,455
9796,455
9797,454
9798,454
9799,454
9800,454
9801,455
9802,455
9803,455
9804,454
9805,454
9806,454
9807,454
9808,455
9809,455
9810,455
9811,455
9812,455
9813,455
9814,455
9815,455
9816,455
9817,456
9818,456
9819,456
9820,456
9821,456
9822,456
9823,456
9824,456
9825,457
9826,457
9827,457
9828,457
9829,456
9830,456
9831,456
9832,457
9833,457
9835,458
9836,458
9837,457
9838,457
9839,457
9840,457
9841,457
9842,458
9843,458
9844,458
9845,458
9846,457
9847,457
9848,457
9849,457
9850,458
9851,458
9852,458
9853,458
9854,458
9855,458
9856,457
9857,458
9858,458
9859,458
9860,458
9861,458
9862,457
9863,457
9864,457
9865,457
9866,458
9867,458
9868,458
9869,458
9870,457
9871,457
9872,456
9873,457
9874,457
9875,458
9876,457
9878,457
9879,457
9880,456
9881,456
9882,456
9883,456
9884,457
9885,457
9886,457
9887,456
9888,456
9889,456
9890,456
9891,456
9892,457
9893,457
9894,457
9895,457
9896,456
9897,456
9898,456
9899,456
9900,456
9901,457
9902,456
9903,456
9904,456
9905,455
9906,455
9907,456
9908,456
9909,456
9910,456
9911,456
9912,455
9913,454
9914,455
9915,455
9916,455
9917,455
9918,455
9919,455
9921,455
9922,454
9923,454
9924,454
9925,455
9926,455
9927,455
9928,454
9929,454
9930,454
9931,454
9932,454
9933,454
9934,455
9935,456
9936,455
9937,455
9938,454
9939,454
9940,455
9941,455
9942,455
9943,455
9944,455
9945,455
9946,455
9947,455
9948,455
9949,455
9950,456
9951,456
9952,456
9953,456
9954,456
9955,456
9956,456
9957,456
9958,457
9959,457
9960,457
9961,457
9963,456
9964,457
9965,457
9966,457
9967,457
9968,458
9969,458
9970,457
9971,457
9972,457
9973,457
9974,458
9975,459
9976,459
9977,458
9978,458
9979,458
9980,457
9981,457
9982,457
9983,458
9984,458
9985,459
9986,458
9987,458
9988,457
9989,458
9990,458
9991,458
9992,458
9993,459
9994,459
9995,458
9996,458
9997,457
9998,457
9999,458
10000,458
10001,458
10002,458
10003,458
10004,457
10006,457
10007,457
10008,458
10009,458
10010,458
10011,458
10012,457
10013,457
10014,457
10015,458
10016,458
10017,458
10018,458
10019,458
10020,457
10021,457
10022,456
10023,456
10024,457
10025,457
10026,457
10027,457
10028,457
10029,456
10030,456
10031,456
10032,456
10033,456
10034,458
10035,458
10036,456
10037,456
10038,456
10039,456
10040,456
10041,456
10042,456
10043,457
10044,456
10045,456
10046,456
10047,455
10049,455
10050,456
10051,456
10052,456
10053,456
10054,456
10055,455
10056,456
10057,455
10058,455
10059,456
10060,456
10061,456
10062,455
10063,455
10064,455
10065,455
10066,455
10067,455
10068,455
10069,455
10070,455
10071,455
10072,455
10073,455
10074,456
10075,456
10076,456
10077,456
10078,455
10079,455
10080,455
10081,455
10082,456
10083,456
10084,457
10085,456
10086,456
10087,456
10088,456
10089,456
10091,456
10092,457
10093,457
10094,457
10095,457
10096,457
10097,457
10098,457
10099,457
10100,457
10101,458
10102,458
10103,458
10104,457
10105,457
10106,457
10107,458
10108,458
10109,458
10110,459
10111,458
10112,458
10113,458
10114,458
10115,458
10116,458
10117,459
10118,459
10119,453
10120,457
10121,458
10122,458
10123,458
10124,456
10125,459
10126,459
10127,459
10128,458
10129,458
10130,458
10131,457
10132,458
10134,459
10135,460
10136,459
10137,458
10138,458
10139,458
10140,458
10141,458
10142,458
10143,458
10144,458
10145,458
10146,457
10147,457
10148,457
10149,458
10150,458
10151,458
10152,458
10153,458
10154,458
10155,458
10156,457
10157,457
10158,458
10159,457
10160,457
10161,457
10162,457
10163,456
10164,457
10165,457
10166,457
10167,457
10168,457
10169,457
10170,456
10171,456
10172,456
10173,456
10174,457
10175,457
10177,457
10178,457
10179,456
10180,456
10181,456
10182,456
10183,456
10184,457
10185,457
10186,456
10187,456
10188,455
10189,455
10190,456
10191,456
10192,456
10193,456
10194,457
10195,456
10196,455
10197,455
10198,455
10199,455
10200,455
10201,455
10202,455
10203,455
10204,455
10205,455
10206,455
10207,455
10208,455
10209,456
10210,456
10211,455
10212,455
10213,455
10214,456
10215,456
10216,456
10217,457
10219,456
10220,457
10221,456
10222,456
10223,456
10224,456
10225,457
10226,457
10227,457
10228,457
10229,457
10230,456
10231,457
10232,457
10233,458
10234,458
10235,459
10236,458
10237,458
10238,457
10239,458
10240,458
10241,458
10242,459
10243,459
10244,459
10245,458
10246,458
10247,458
10248,458
10249,458
10250,459
10251,459
10252,459
10253,459
10254,459
10255,459
10256,459
10257,459
10258,459
10259,459
10260,459
10262,459
10263,459
10264,458
10265,458
10266,459
10267,459
10268,459
10269,459
10270,459
10271,458
10272,458
10273,458
10274,459
10275,459
10276,460
10277,459
10278,459
10279,458
10280,458
10281,458
10282,458
10283,459
10284,459
10285,459
10286,459
10287,458
10288,458
10289,458
10290,458
10291,458
10292,458
10293,458
10294,459
10295,458
10296,457
10297,457
10298,457
10299,458
10300,458
10301,458
10302,458
10303,457
10305,457
10306,457
10307,457
10308,457
10309,457
10310,457
10311,457
10312,457
10313,456
10314,457
10315,457
10316,457
10317,457
10318,457
10319,457
10320,456
10321,456
10322,456
10323,456
10324,456
10325,456
10326,457
10327,457
10328,456
10329,456
10330,455
10331,456
10332,456
10333,456
10334,457
10335,457
10336,456
10337,456
10338,455
10339,455
10340,456
10341,456
10342,456
10343,456
10344,456
10345,456
10347,456
10348,456
10349,456
10350,457
10351,457
10352,457
10353,457
10354,457
10355,457
10356,457
10357,457
10358,458
10359,458
10360,458
10361,458
10362,458
10363,457
10364,457
10365,458
10366,458
10367,459
10368,459
10369,458
10370,458
10371,458
10372,458
10373,458
10374,459
10375,459
10376,459
10377,459
10378,459
10379,458
10380,458
10381,459
10382,459
10383,459
10384,459
10385,459
10386,459
10387,459
10388,459
10390,459
10391,459
10392,460
10393,460
10394,460
10395,460
10396,460
10397,459
10398,459
10399,459
10400,458
10401,454
10402,460
10403,459
10404,459
10405,459
10406,459
10407,459
10408,459
10409,460
10410,460
10411,459
10412,459
10413,459
10414,459
10415,459
10416,459
10417,459
10418,459
10419,459
10420,459
10421,458
10422,458
10423,458
10424,459
10425,459
10426,459
10427,459
10428,458
10429,458
10430,458
10431,458
10433,458
10434,459
10435,459
10436,459
10437,457
10438,457
10439,457
10440,457
10441,457
10442,458
10443,458
10444,457
10445,457
10446,457
10447,456
10448,457
10449,457
10450,457
10451,457
10452,457
10453,457
10454,457
10455,457
10456,457
10457,457
10458,457
10459,457
10460,457
10461,456
10462,456
10463,456
10464,456
10465,456
10466,457
10467,457
10468,457
10469,456
10470,456
10471,456
10472,456
10473,456
10475,457
10476,457
10477,457
10478,457
10479,456
10480,456
10481,456
10482,456
10483,457
10484,457
10485,457
10486,457
10487,457
10488,457
10489,457
10490,457
10491,457
10492,458
10493,458
10494,459
10495,458
10496,458
10497,458
10498,458
10499,458
10500,458
10501,454
10502,459
10503,458
10504,458
10505,458
10506,455
10507,459
10508,459
10509,459
10510,459
10511,459
10512,458
10513,457
10514,459
10515,459
10516,459
10518,459
10519,459
10520,459
10521,459
10522,459
10523,459
10524,459
10525,460
10526,460
10527,460
10528,459
10529,459
10530,459
10531,459
10532,459
10533,460
10534,460
10535,460
10536,460
10537,459
10538,459
10539,459
10540,459
10541,459
10542,460
10543,460
10544,460
10545,459
10546,459
10547,459
10548,459
10549,460
10550,459
10551,460
10552,459
10553,459
10554,459
10555,459
10556,459
10557,459
10558,459
10559,459
10561,459
10562,459
10563,458
10564,458
10565,458
10566,458
10567,459
10568,459
10569,459
10570,458
10571,458
10572,458
10573,458
10574,458
10575,459
10576,459
10577,458
10578,458
10579,457
10580,457
10581,457
10582,458
10583,458
10584,458
10585,458
10586,458
10587,457
10588,457
10589,457
10590,457
10591,458
10592,458
10593,458
10594,458
10595,457
10596,457
10597,457
10598,457
10599,457
10600,457
10601,457
10603,457
10604,457
10605,457
10606,457
10607,457
10608,457
10609,457
10610,458
10611,457
10612,457
10613,457
10614,457
10615,457
10616,458
10617,458
10618,458
10619,458
10620,458
10621,457
10622,457
10623,458
10624,458
10625,459
10626,459
10627,459
10628,458
10629,458
10630,458
10631,458
10632,459
10633,459
10634,460
10635,460
10636,459
10637,459
10638,459
10639,459
10640,459
10641,460
10642,460
10643,459
10644,459
10646,459
10647,459
10648,459
10649,459
10650,459
10651,460
10652,460
10653,459
10654,459
10655,459
10656,460
10657,459
10658,460
10659,460
10660,460
10661,459
10662,459
10663,459
10664,459
10665,459
10666,459
10667,460
10668,460
10669,460
10670,459
10671,459
10672,459
10673,459
10674,460
10675,460
10676,460
10677,460
10678,459
10679,459
10680,459
10681,459
10682,459
10683,460
10684,460
10685,459
10686,459
10687,459
10689,459
10690,458
10691,459
10692,459
10693,459
10694,459
10695,459
10696,458
10697,458
10698,458
10699,458
10700,459
10701,459
10702,458
10703,458
10704,458
10705,457
10706,458
10707,458
10708,458
10709,458
10710,458
10711,458
10712,457
10713,457
10714,458
10715,458
10716,458
10717,458
10718,458
10719,458
10720,457
10721,457
10722,457
10723,457
10724,458
10725,458
10726,458
10727,458
10728,457
10729,457
10731,457
10732,457
10733,458
10734,458
10735,458
10736,458
10737,457
10738,457
10739,452
10740,457
10741,458
10742,458
10743,458
10744,458
10745,458
10746,457
10747,457
10748,457
10749,458
10750,458
10751,458
10752,458
10753,458
10754,458
10755,458
10756,458
10757,458
10758,458
10759,458
10760,459
10761,458
10762,458
10763,458
10764,458
10765,459
10766,459
10767,459
10768,459
10769,459
10770,459
10771,459
10772,459
10774,459
10775,460
10776,460
10777,460
10778,460
10779,459
10780,459
10781,459
10782,459
10783,460
10784,460
10785,460
10786,460
10787,459
10788,459
10789,459
10790,459
10791,460
10792,460
10793,460
10794,460
10795,460
10796,459
10797,459
10798,459
10799,460
10800,460
10801,460
10802,460
10803,459
10804,459
10805,459
10806,459
10807,460
10808,460
10809,460
10810,459
10811,459
10812,459
10813,458
10814,459
10815,459
10817,459
10818,459
10819,459
10820,458
10821,458
10822,458
10823,458
10824,458
10825,458
10826,459
10827,459
10828,458
10829,458
10830,458
10831,458
10832,458
10833,459
10834,459
10835,459
10836,459
10837,458
10838,458
10839,458
10840,458
10841,459
10842,459
10843,459
10844,458
10845,458
10846,458
10847,458
10848,458
10849,458
10850,459
10851,459
10852,458
10853,458
10854,458
10855,458
10856,458
10857,458
10859,458
10860,459
10861,458
10862,458
10863,458
10864,458
10865,458
10866,458
10867,459
10868,459
10869,458
10870,458
10871,458
10872,458
10873,458
10874,459
10875,459
10876,459
10877,459
10878,458
10879,458
10880,458
10881,458
10882,458
10883,459
10884,459
10885,459
10886,459
10887,458
10888,458
10889,458
10890,459
10891,459
10892,459
10893,460
10894,459
10895,459
10896,458
10897,459
10898,459
10899,459
10900,460
10902,460
10903,460
10904,459
10905,459
10906,459
10907,459
10908,460
10909,460
10910,460
10911,460
10912,459
10913,459
10914,459
10915,460
10916,460
10917,460
10918,460
10919,459
10920,459
10921,459
10922,459
10923,459
10924,459
10925,460
10926,460
10927,460
10928,459
10929,459
10930,459
10931,459
10932,460
10933,460
10934,460
10935,460
10936,459
10937,459
10938,458
10939,458
10940,458
10941,459
10942,459
10943,459
10945,458
10946,458
10947,458
10948,458
10949,458
10950,458
10951,458
10952,458
10953,458
10954,458
10955,458
10956,458
10957,458
10958,459
10959,459
10960,459
10961,458
10962,458
10963,458
10964,458
10965,458
10966,458
10967,459
10968,459
10969,458
10970,458
10971,458
10972,458
10973,458
10974,459
10975,460
10976,459
10977,459
10978,458
10979,458
10980,458
10981,458
10982,459
10983,459
10984,459
10985,459
10987,458
10988,458
10989,458
10990,458
10991,458
10992,459
10993,459
10994,459
10995,459
10996,458
10997,458
10998,458
10999,459
11000,459
11001,459
11002,459
11003,459
11004,458
11005,458
11006,459
11007,459
11008,459
11009,460
11010,459
11011,459
11012,459
11013,459
11014,459
11015,459
11016,459
11017,459
11018,459
11019,459
11020,458
11021,458
11022,458
11023,459
11024,460
11025,459
11026,459
11027,459
11028,459
11030,459
11031,459
11032,459
11033,460
11034,460
11035,460
11036,460
11037,459
11038,459
11039,459
11040,459
11041,460
11042,460
11043,460
11044,459
11045,459
11046,458
11047,458
11048,458
11049,459
11050,459
11051,459
11052,459
11053,459
11054,459
11055,459
11056,458
11057,458
11058,459
11059,459
11060,459
11061,458
11062,458
11063,458
11064,458
11065,458
11066,459
11067,458
11068,458
11069,458
11070,458
11071,458
11073,458
11074,458
11075,459
11076,459
11077,458
11078,458
11079,457
11080,457
11081,458
11082,458
11083,458
11084,459
11085,458
11086,458
11087,458
11088,458
11089,458
11090,458
11091,459
11092,459
11093,459
11094,459
11095,459
11096,458
11097,458
11098,458
11099,458
11100,459
11101,459
11102,459
11103,458
11104,458
11105,458
11106,458
11107,459
11108,459
11109,459
11110,459
11111,458
11112,458
11113,458
11115,459
11116,459
11117,459
11118,459
11119,459
11120,453
11121,457
11122,458
11123,458
11124,459
11125,459
11126,459
11127,459
11128,458
11129,459
11130,458
11131,458
11132,459
11133,459
11134,460
11135,460
11136,459
11137,458
11138,458
11139,458
11140,458
11141,455
11142,459
11143,459
11144,459
11145,459
11146,458
11147,459
11148,458
11149,459
11150,459
11151,459
11152,458
11153,458
11154,458
11155,458
11156,458
11158,458
11159,458
11160,459
11161,458
11162,458
11163,458
11164,457
11165,457
11166,458
11167,458
11168,458
11169,458
11170,457
11171,456
11172,456
11173,456
11174,457
11175,457
11176,457
11177,456
11178,456
11179,456
11180,456
11181,456
11182,456
11183,457
11184,457
11185,457
11186,456
11187,456
11188,456
11189,456
11190,457
11191,457
11192,458
11193,457
11194,457
11195,457
11196,456
11197,457
11198,457
11199,457
11201,458
11202,458
11203,457
11204,457
11205,457
11206,457
11207,458
11208,458
11209,458
11210,458
11211,458
11212,457
11213,457
11214,458
11215,458
11216,459
11217,458
11218,458
11219,457
11220,456
11221,457
11222,457
11223,458
11224,458
11225,458
11226,459
11227,458
11228,458
11229,458
11230,457
11231,458
11232,459
11233,459
11234,459
11235,459
11236,458
11237,458
11238,458
11239,458
11240,458
11241,459
11243,459
11244,458
11245,458
11246,458
11247,458
11248,458
11249,458
11250,459
11251,459
11252,459
11253,458
11254,458
11255,459
11256,459
11257,458
11258,459
11259,459
11260,459
11261,458
11262,458
11263,458
11264,458
11265,458
11266,458
11267,459
11268,459
11269,458
11270,458
11271,458
11272,458
11273,458
11274,459
11275,459
11276,459
11277,459
11278,459
11279,459
11280,459
11281,459
11282,460
11283,460
11284,460
11286,459
11287,459
11288,459
11289,458
11290,457
11291,457
11292,457
11293,457
11294,456
11295,456
11296,456
11297,455
11298,455
11299,455
11300,455
11301,455
11302,455
11303,454
11304,454
11305,453
11306,453
11307,453
11308,453
11309,453
11310,453
11311,453
11312,452
11313,452
11314,453
11315,453
11316,453
11317,452
11318,452
11319,452
11320,452
11321,452
11322,452
11323,453
11324,453
11325,453
11326,453
11327,453
11329,453
11330,453
11331,453
11332,454
11333,454
11334,455
11335,455
11336,455
11337,455
11338,455
11339,455
11340,456
11341,456
11342,457
11343,457
11344,457
11345,456
11346,456
11347,456
11348,457
11349,458
11350,458
11351,458
11352,458
11353,457
11354,458
11355,458
11356,457
11357,458
11358,459
11359,458
11360,458
11361,457
11362,457
11363,457
11364,458
11365,458
11366,458
11367,458
11368,458
11369,458
11371,457
11372,457
11373,457
11374,458
11375,459
11376,459
11377,458
11378,458
11379,457
11380,457
11381,457
11382,458
11383,458
11384,458
11385,458
11386,458
11387,458
11388,457
11389,458
11390,458
11391,458
11392,458
11393,458
11394,458
11395,458
11396,458
11397,457
11398,458
11399,458
11400,458
11401,458
11402,458
11403,457
11404,457
11405,457
11406,457
11407,457
11408,457
11409,458
11410,457
11411,457
11412,456
11414,456
11415,457
11416,457
11417,457
11418,458
11419,459
11420,459
11421,459
11422,460
11423,460
11424,461
11425,461
11426,460
11427,459
11428,458
11429,456
11430,456
11431,455
11432,455
11433,455
11434,455
11435,455
11436,455
11437,454
11438,453
11439,454
11440,454
11441,454
11442,454
11443,453
11444,453
11445,452
11446,451
11447,450
11448,450
11449,449
11450,448
11451,448
11452,448
11453,447
11454,448
11455,448
11457,448
11458,448
11459,449
11460,449
11461,449
11462,448
11463,448
11464,448
11465,449
11466,449
11467,450
11468,450
11469,450
11470,450
11471,450
11472,451
11473,452
11474,453
11475,454
11476,455
11477,454
11478,454
11479,454
11480,454
11481,454
11482,453
11483,453
11484,452
11485,452
11486,452
11487,452
11488,453
11489,454
11490,455
11491,455
11492,456
11493,456
11494,456
11495,456
11496,455
11497,456
11499,457
11500,457
11501,457
11502,457
11503,457
11504,457
11505,456
11506,457
11507,457
11508,458
11509,458
11510,457
11511,457
11512,457
11513,457
11514,457
11515,458
11516,458
11517,458
11518,458
11519,457
11520,457
11521,457
11522,457
11523,457
11524,458
11525,458
11526,458
11527,458
11528,457
11529,457
11530,457
11531,457
11532,457
11533,458
11534,458
11535,458
11536,457
11537,456
11538,456
11539,456
11540,452
11542,456
11543,457
11544,456
11545,456
11546,453
11547,455
11548,455
11549,456
11550,456
11551,456
11552,456
11553,453
11554,457
11555,460
11556,463
11557,467
11558,470
11559,468
11560,472
11561,473
11562,473
11563,472
11564,471
11565,470
11566,468
11567,467
11568,466
11569,464
11570,461
11571,459
11572,457
11573,456
11574,456
11575,454
11576,452
11577,451
11578,450
11579,449
11580,448
11581,447
11582,446
11583,446
11585,445
11586,444
11587,443
11588,442
11589,442
11590,441
11591,441
11592,441
11593,440
11594,440
11595,440
11596,440
11597,439
11598,439
11599,439
11600,439
11601,438
11602,439
11603,438
11604,438
11605,439
11606,439
11607,439
11608,440
11609,441
11610,442
11611,442
11612,443
11613,444
11614,446
11615,447
11616,448
11617,449
11618,451
11619,451
11620,452
11621,451
11622,450
11623,449
11624,450
11625,451
11627,452
11628,452
11629,452
11630,452
11631,453
11632,453
11633,454
11634,455
11635,455
11636,455
11637,455
11638,455
11639,455
11640,456
11641,454
11642,457
11643,457
11644,457
11645,456
11646,456
11647,456
11648,456
11649,457
11650,458
11651,457
11652,457
11653,456
11654,457
11655,457
11656,457
11657,457
11658,457
11659,456
11660,448
11661,457
11662,457
11663,456
11664,457
11665,457
11666,457
11667,457
11668,457
11670,456
11671,456
11672,456
11673,455
11674,455
11675,456
11676,456
11677,455
11678,455
11679,454
11680,455
11681,454
11682,455
11683,455
11684,455
11685,455
11686,455
11687,455
11688,454
11689,454
11690,455
11691,456
11692,457
11693,460
11694,465
11695,471
11696,478
11697,483
11698,488
11699,492
11700,495
11701,497
11702,496
11703,493
11704,488
11705,482
11706,478
11707,474
11708,470
11709,466
11710,463
11711,460
11713,457
11714,455
11715,453
11716,451
11717,450
11718,448
11719,446
11720,443
11721,437
11722,430
11723,421
11724,410
11725,399
11726,388
11727,378
11728,369
11729,363
11730,354
11731,339
11732,318
11733,299
11734,282
11735,266
11736,253
11737,244
11738,233
11739,222
11740,212
11741,203
11742,194
11743,185
11744,175
11745,163
11746,154
11747,146
11748,138
11749,130
11750,123
11751,114
11752,105
11753,94
11755,84
11756,76
11757,67
11758,61
11759,73
11760,120
11761,197
11762,292
11763,382
11764,439
11765,454
11766,456
11767,458
11768,459
11769,459
11770,459
11771,459
11772,458
11773,459
11774,459
11775,460
11776,460
11777,459
11778,460
11779,458
11780,459
11781,459
11782,459
11783,459
11784,459
11785,458
11786,458
11787,457
11788,457
11789,458
11790,458
11791,458
11792,458
11793,458
11794,458
11795,457
11796,457
11798,457
11799,457
11800,458
11801,458
11802,457
11803,457
11804,456
11805,456
11806,456
11807,456
11808,456
11809,456
11810,456
11811,455
11812,454
11813,454
11814,454
11815,454
11816,454
11817,454
11818,454
11819,454
11820,453
11821,453
11822,453
11823,454
11824,454
11825,454
11826,455
11827,455
11828,454
11829,454
11830,455
11831,458
11832,465
11833,473
11834,478
11835,476
11836,465
11837,444
11838,412
11839,374
11841,330
11842,286
11843,244
11844,202
11845,160
11846,124
11847,94
11848,69
11849,49
11850,34
11851,25
11852,19
11853,19
11854,18
11855,18
11856,18
11857,18
11858,17
11859,17
11860,17
11861,17
11862,16
11863,16
11864,16
11865,16
11866,16
11867,16
11868,16
11869,16
11870,15
11871,15
11872,15
11873,15
11874,15
11875,15
11876,15
11877,15
11878,14
11879,14
11880,14
11881,13
11883,13
11884,13
11885,12
11886,12
11887,11
11888,11
11889,10
11890,10
11891,10
11892,10
11893,10
11894,10
11895,10
11896,12
11897,29
11898,81
11899,169
11900,272
11901,369
11902,433
11903,452
11904,455
11905,457
11906,458
11907,459
11908,460
11909,460
11910,460
11911,459
11912,459
11913,459
11914,460
11915,460
11916,460
11917,460
11918,459
11919,459
11920,458
11921,458
11922,458
11923,459
11924,459
11926,456
11927,459
11928,459
11929,458
11930,458
11931,459
11932,459
11933,458
11934,460
11935,460
11936,460
11937,459
11938,459
11939,459
11940,459
11941,458
11942,454
11943,459
11944,459
11945,458
11946,458
11947,458
11948,458
11949,459
11950,459
11951,458
11952,458
11953,458
11954,458
11955,459
11956,459
11957,459
11958,460
11959,460
11960,459
11961,459
11962,459
11963,459
11964,459
11965,459
11966,458
11967,438
11969,380
11970,288
11971,192
11972,106
11973,51
11974,27
11975,21
11976,21
11977,21
11978,20
11979,20
11980,20
11981,20
11982,20
11983,20
11984,20
11985,20
11986,19
11987,19
11988,19
11989,19
11990,19
11991,19
11992,19
11993,19
11994,18
11995,20
11996,21
11997,20
11998,21
11999,20
12000,20
12001,20
12002,19
12003,18
12004,17
12005,16
12006,16
12007,15
12008,15
12009,15
12011,14
12012,14
12013,14
12014,15
12015,15
12016,15
12017,15
12018,14
12019,14
12020,13
12021,12
12022,12
12023,11
12024,11
12025,11
12026,10
12027,10
12028,10
12029,10
12030,9
12031,10
12032,10
12033,11
12034,23
12035,67
12036,148
12037,248
12038,347
12039,421
12040,450
12041,455
12042,457
12043,458
12044,459
12045,460
12046,460
12047,460
12048,459
12049,460
12050,461
12051,461
12052,461
12054,460
12055,461
12056,461
12057,460
12058,461
12059,461
12060,460
12061,460
12062,460
12063,460
12064,460
12065,460
12066,460
12067,460
12068,460
12069,460
12070,459
12071,459
12072,459
12073,460
12074,461
12075,461
12076,460
12077,460
12078,459
12079,459
12080,459
12081,459
12082,459
12083,459
12084,459
12085,458
12086,458
12087,458
12088,458
12089,458
12090,458
12091,459
12092,459
12093,459
12094,459
12095,459
12097,459
12098,459
12099,460
12100,460
12101,460
12102,460
12103,459
12104,458
12105,456
12106,433
12107,374
12108,283
12109,188
12110,105
12111,51
12112,27
12113,21
12114,21
12115,21
12116,21
12117,21
12118,21
12119,20
12120,20
12121,20
12122,20
12123,21
12124,20
12125,20
12126,20
12127,20
12128,19
12129,19
12130,20
12131,19
12132,20
12133,20
12134,19
12135,19
12136,18
12137,18
12139,18
12140,16
12141,15
12142,17
12143,20
12144,18
12145,16
12146,16
12147,16
12148,15
12149,16
12150,16
12151,16
12152,16
12153,16
12154,15
12155,15
12156,14
12157,14
12158,14
12159,14
12160,13
12161,12
12162,12
12163,12
12164,12
12165,11
12166,12
12167,12
12168,12
12169,12
12170,12
12171,13
12172,14
12173,28
12174,74
12175,157
12176,258
12177,357
12178,429
12179,455
12180,456
12182,455
12183,458
12184,459
12185,460
12186,460
12187,460
12188,460
12189,461
12190,462
12191,464
12192,464
12193,463
12194,463
12195,463
12196,462
12197,462
12198,462
12199,462
12200,462
12201,462
12202,461
12203,461
12204,461
12205,461
12206,461
12207,461
12208,461
12209,461
12210,461
12211,460
12212,460
12213,460
12214,461
12215,461
12216,461
12217,461
12218,460
12219,460
12220,460
12221,459
12222,460
12223,460
12225,460
12226,460
12227,460
12228,459
12229,459
12230,459
12231,460
12232,460
12233,461
12234,461
12235,461
12236,462
12237,461
12238,461
12239,461
12240,462
12241,462
12242,462
12243,459
12244,431
12245,366
12246,271
12247,177
12248,96
12249,48
12250,28
12251,25
12252,24
12253,24
12254,23
12255,23
12256,23
12257,23
12258,23
12259,23
12260,23
12261,22
12262,22
12263,22
12264,22
12265,23
12267,23
12268,23
12269,22
12270,22
12271,22
12272,21
12273,21
12274,21
12275,21
12276,21
12277,21
12278,20
12279,20
12280,19
12281,19
12282,20
12283,20
12284,20
12285,20
12286,20
12287,20
12288,20
12289,21
12290,21
12291,22
12292,23
12293,24
12294,26
12295,39
12296,93
12297,171
12298,261
12299,358
12300,441
12301,469
12302,504
12303,547
12304,574
12305,574
12306,551
12307,514
12308,485
12310,469
12311,463
12312,460
12313,459
12314,459
12315,460
12316,460
12317,460
12318,460
12319,459
12320,459
12321,459
12322,459
12323,459
12324,460
12325,460
12326,460
12327,460
12328,459
12329,459
12330,459
12331,460
12332,460
12333,461
12334,461
12335,461
12336,461
12337,460
12338,460
12339,461
12340,461
12341,461
12342,461
12343,461
12344,460
12345,460
12346,460
12347,460
12348,461
12349,461
12350,461
12351,461
12353,461
12354,460
12355,461
12356,461
12357,461
12358,461
12359,462
12360,461
12361,461
12362,461
12363,461
12364,461
12365,461
12366,461
12367,462
12368,462
12369,461
12370,461
12371,461
12372,461
12373,461
12374,462
12375,462
12376,462
12377,461
12378,461
12379,461
12380,461
12381,461
12382,461
12383,462
12384,462
12385,461
12386,461
12387,461
12388,461
12389,461
12390,462
12391,461
12392,461
12393,461
12395,461
12396,461
12397,460
12398,461
12399,461
12400,461
12401,461
12402,461
12403,461
12404,460
12405,460
12406,461
12407,461
12408,462
12409,462
12410,461
12411,461
12412,460
12413,460
12414,461
12415,462
12416,462
12417,461
12418,461
12419,461
12420,460
12421,460
12422,461
12423,461
12424,461
12425,462
12426,461
12427,461
12428,461
12429,460
12430,461
12431,461
12432,461
12433,461
12434,462
12435,461
12436,460
12438,461
12439,460
12440,461
12441,462
12442,462
12443,462
12444,461
12445,461
12446,460
12447,461
12448,461
12449,461
12450,462
12451,462
12452,461
12453,461
12454,461
12455,461
12456,462
12457,461
12458,462
12459,462
12460,461
12461,461
12462,461
12463,461
12464,461
12465,461
12466,462
12467,462
12468,461
12469,461
12470,461
12471,461
12472,461
12473,461
12474,462
12475,462
12476,461
12477,461
12478,460
12479,460
12481,461
12482,461
12483,461
12484,461
12485,461
12486,461
12487,461
12488,460
12489,461
12490,461
12491,462
12492,462
12493,461
12494,461
12495,461
12496,461
12497,461
12498,461
12499,461
12500,462
12501,461
12502,461
12503,461
12504,461
12505,460
12506,461
12507,461
12508,462
12509,462
12510,461
12511,461
12512,460
12513,461
12514,461
12515,462
12516,462
12517,462
12518,461
12519,460
12520,461
12521,461
12523,461
12524,461
12525,462
12526,461
12527,461
12528,460
12529,461
12530,460
12531,461
12532,461
12533,462
12534,462
12535,462
12536,461
12537,461
12538,461
12539,461
12540,460
12541,453
12542,461
12543,461
12544,461
12545,461
12546,460
12547,461
12548,461
12549,461
12550,462
12551,461
12552,461
12553,460
12554,461
12555,461
12556,462
12557,461
12558,461
12559,461
12560,461
12561,460
12562,459
12563,461
12564,461
12566,461
12567,462
12568,462
12569,461
12570,461
12571,460
12572,460
12573,461
12574,461
12575,462
12576,462
12577,461
12578,461
12579,460
12580,460
12581,461
12582,461
12583,461
12584,461
12585,461
12586,461
12587,460
12588,460
12589,461
12590,461
12591,462
12592,461
12593,461
12594,461
12595,461
12596,461
12597,460
12598,461
12599,462
12600,461
12601,461
12602,461
12603,460
12604,461
12605,461
12606,461
12607,461
12609,462
12610,461
12611,461
12612,461
12613,460
12614,461
12615,461
12616,462
12617,462
12618,461
12619,461
12620,461
12621,461
12622,461
12623,461
12624,461
12625,462
12626,462
12627,461
12628,461
12629,461
12630,461
12631,461
12632,461
12633,461
12634,462
12635,461
12636,461
12637,460
12638,460
12639,461
12640,461
12641,462
12642,462
12643,461
12644,461
12645,460
12646,461
12647,461
12648,461
12649,461
12651,462
12652,461
12653,461
12654,460
12655,461
12656,462
12657,461
12658,461
12659,462
12660,461
12661,461
12662,461
12663,460
12664,460
12665,461
12666,462
12667,461
12668,461
12669,461
12670,460
12671,460
12672,461
12673,461
12674,462
12675,462
12676,462
12677,461
12678,461
12679,460
12680,460
12681,461
12682,461
12683,461
12684,462
12685,461
12686,461
12687,461
12688,461
12689,461
12690,461
12691,462
12692,461
12694,461
12695,461
12696,461
12697,461
12698,461
12699,461
12700,462
12701,462
12702,461
12703,461
12704,461
12705,461
12706,461
12707,462
12708,462
12709,462
12710,461
12711,461
12712,461
12713,461
12714,461
12715,462
12716,462
12717,462
12718,461
12719,461
12720,461
12721,461
12722,461
12723,461
12724,462
12725,462
12726,461
12727,461
12728,461
12729,461
12730,461
12731,461
12732,461
12733,461
12734,462
12735,462
12737,461
12738,461
12739,461
12740,461
12741,462
12742,462
12743,462
12744,461
12745,461
12746,460
12747,461
12748,461
12749,461
12750,462
12751,462
12752,461
12753,461
12754,461
12755,461
12756,462
12757,462
12758,462
12759,462
12760,461
12761,461
12762,460
12763,461
12764,461
12765,461
12766,462
12767,461
12768,461
12769,461
12770,460
12771,460
12772,461
12773,461
12774,462
12775,462
12776,462
12777,461
12779,461
12780,461
12781,461
12782,461
12783,462
12784,461
12785,461
12786,461
12787,461
12788,461
12789,461
12790,461
12791,462
12792,462
12793,461
12794,461
12795,461
12796,461
12797,461
12798,461
12799,463
12800,464
12801,464
12802,463
12803,462
12804,462
12805,462
12806,463
12807,465
12808,464
12809,465
12810,463
12811,463
12812,462
12813,461
12814,462
12815,462
12816,462
12817,462
12818,461
12819,461
12820,461
12822,461
12823,461
12824,462
12825,462
12826,462
12827,462
12828,461
12829,461
12830,461
12831,461
12832,461
12833,462
12834,462
12835,462
12836,462
12837,461
12838,461
12839,461
12840,461
12841,462
12842,462
12843,461
12844,461
12845,461
12846,461
12847,461
12848,462
12849,462
12850,461
12851,462
12852,461
12853,461
12854,461
12855,462
12856,462
12857,462
12858,462
12859,461
12860,461
12861,461
12862,461
12863,461
12865,461
12866,462
12867,462
12868,462
12869,461
12870,461
12871,461
12872,461
12873,461
12874,462
12875,462
12876,462
12877,461
12878,461
12879,461
12880,461
12881,461
12882,462
12883,462
12884,462
12885,461
12886,461
12887,461
12888,461
12889,461
12890,462
12891,462
12892,462
12893,461
12894,461
12895,461
12896,461
12897,461
12898,462
12899,462
12900,462
12901,461
12902,461
12903,460
12904,461
12905,461
12907,461
12908,462
12909,461
12910,461
12911,461
12912,461
12913,461
12914,461
12915,462
12916,462
12917,462
12918,462
12919,461
12920,461
12921,460
12922,461
12923,461
12924,462
12925,462
12926,461
12927,461
12928,461
12929,460
12930,461
12931,461
12932,459
12933,461
12934,462
12935,461
12936,461
12937,460
12938,461
12939,461
12940,460
12941,458
12942,461
12943,461
12944,461
12945,461
12946,461
12947,461
12948,462
12950,462
12951,462
12952,461
12953,461
12954,461
12955,461
12956,462
12957,462
12958,462
12959,462
12960,461
12961,461
12962,461
12963,461
12964,461
12965,461
12966,462
12967,462
12968,461
12969,461
12970,460
12971,460
12972,461
12973,462
12974,462
12975,462
12976,462
12977,461
12978,461
12979,461
12980,454
12981,461
12982,462
12983,462
12984,461
12985,461
12986,461
12987,461
12988,461
12989,461
12990,461
12991,462
12993,461
12994,461
12995,461
12996,461
12997,461
12998,461
12999,462
13000,462
13001,462
13002,461
13003,461
13004,461
13005,461
13006,461
13007,461
13008,462
13009,462
13010,462
13011,461
13012,460
13013,461
13014,461
13015,462
13016,462
13017,461
13018,461
13019,461
13020,461
13021,461
13022,461
13023,461
13024,462
13025,462
13026,461
13027,461
13028,461
13029,461
13030,461
13031,461
13032,462
13033,462
13035,462
13036,461
13037,461
13038,461
13039,461
13040,461
13041,462
13042,462
13043,461
13044,460
13045,461
13046,460
13047,461
13048,461
13049,461
13050,461
13051,461
13052,461
13053,460
13054,461
13055,461
13056,462
13057,462
13058,462
13059,462
13060,461
13061,461
13062,461
13063,461
13064,461
13065,462
13066,462
13067,462
13068,461
13069,461
13070,461
13071,461
13072,461
13073,461
13074,462
13075,462
13076,461
13078,461
13079,461
13080,461
13081,461
13082,462
13083,462
13084,462
13085,461
13086,461
13087,461
13088,461
13089,461
13090,461
13091,462
13092,462
13093,461
13094,461
13095,461
13096,461
13097,461
13098,461
13099,461
13100,462
13101,461
13102,461
13103,461
13104,461
13105,461
13106,461
13107,462
13108,462
13109,462
13110,461
13111,461
13112,460
13113,461
13114,462
13115,462
13116,462
13117,461
13118,461
13119,461
13121,461
13122,460
13123,461
13124,462
13125,462
13126,462
13127,461
13128,461
13129,461
13130,461
13131,461
13132,461
13133,462
13134,461
13135,461
13136,461
13137,460
13138,461
13139,461
13140,462
13141,462
13142,461
13143,461
13144,461
13145,461
13146,460
13147,461
13148,462
13149,462
13150,462
13151,461
13152,461
13153,461
13154,461
13155,462
13156,462
13157,462
13158,462
13159,462
13160,461
13161,461
13163,461
13164,461
13165,461
13166,462
13167,461
13168,461
13169,461
13170,461
13171,461
13172,461
13173,461
13174,462
13175,462
13176,462
13177,461
13178,461
13179,460
13180,461
13181,461
13182,462
13183,462
13184,462
13185,461
13186,461
13187,460
13188,461
13189,461
13190,462
13191,461
13192,462
13193,461
13194,461
13195,461
13196,461
13197,461
13198,462
13199,461
13200,462
13201,461
13202,461
13203,461
13204,461
13206,461
13207,461
13208,462
13209,462
13210,461
13211,461
13212,461
13213,460
13214,461
13215,462
13216,462
13217,461
13218,461
13219,461
13220,461
13221,461
13222,461
13223,461
13224,462
13225,462
13226,461
13227,461
13228,460
13229,461
13230,461
13231,461
13232,462
13233,462
13234,462
13235,462
13236,461
13237,461
13238,461
13239,461
13240,462
13241,461
13242,462
13243,461
13244,461
13245,461
13246,461
13247,461
13249,461
13250,462
13251,462
13252,461
13253,461
13254,460
13255,461
13256,462
13257,462
13258,461
13259,462
13260,461
13261,461
13262,461
13263,460
13264,461
13265,461
13266,462
13267,462
13268,461
13269,461
13270,461
13271,461
13272,461
13273,461
13274,462
13275,462
13276,462
13277,461
13278,461
13279,460
13280,454
13281,461
13282,462
13283,462
13284,462
13285,460
13286,461
13287,461
13288,461
13289,461
13291,462
13292,461
13293,461
13294,461
13295,461
13296,461
13297,461
13298,461
13299,462
13300,462
13301,461
13302,461
13303,461
13304,461
13305,461
13306,461
13307,462
13308,462
13309,462
13310,461
13311,461
13312,461
13313,461
13314,461
13315,462
13316,463
13317,462
13318,461
13319,461
13320,461
13321,461
13322,461
13323,462
13324,461
13325,462
13326,461
13327,461
13328,461
13329,461
13330,461
13331,462
13332,462
13334,462
13335,462
13336,461
13337,461
13338,461
13339,461
13340,461
13341,462
13342,462
13343,461
13344,461
13345,461
13346,461
13347,461
13348,461
13349,462
13350,462
13351,462
13352,461
13353,461
13354,461
13355,461
13356,462
13357,462
13358,462
13359,462
13360,461
13361,461
13362,461
13363,461
13364,461
13365,462
13366,462
13367,461
13368,461
13369,461
13370,461
13371,461
13372,461
13373,462
13374,462
13375,462
13377,461
13378,461
13379,460
13380,461
13381,461
13382,462
13383,462
13384,462
13385,461
13386,461
13387,461
13388,461
13389,461
13390,461
13391,462
13392,462
13393,461
13394,461
13395,461
13396,461
13397,461
13398,461
13399,462
13400,462
13401,462
13402,461
13403,461
13404,461
13405,461
13406,461
13407,462
13408,462
13409,461
13410,461
13411,461
13412,461
13413,461
13414,462
13415,462
13416,462
13417,461
13419,461
13420,461
13421,461
13422,461
13423,461
13424,462
13425,462
13426,462
13427,461
13428,461
13429,461
13430,461
13431,461
13432,462
13433,462
13434,461
13435,461
13436,461
13437,460
13438,461
13439,461
13440,452
13441,461
13442,462
13443,461
13444,460
13445,461
13446,461
13447,460
13448,461
13449,462
13450,461
13451,461
13452,460
13453,461
13454,461
13455,462
13456,462
13457,462
13458,461
13459,461
13460,461
13462,460
13463,458
13464,461
13465,461
13466,462
13467,462
13468,462
13469,461
13470,461
13471,461
13472,461
13473,461
13474,462
13475,462
13476,462
13477,461
13478,461
13479,461
13480,461
13481,461
13482,462
13483,462
13484,461
13485,461
13486,461
13487,461
13488,461
13489,461
13490,462
13491,462
13492,462
13493,461
13494,461
13495,461
13496,461
13497,461
13498,462
13499,462
13500,462
13501,461
13502,461
13503,461
13505,461
13506,461
13507,462
13508,462
13509,462
13510,461
13511,461
13512,461
13513,461
13514,461
13515,462
13516,462
13517,462
13518,461
13519,461
13520,461
13521,461
13522,461
13523,461
13524,462
13525,462
13526,461
13527,461
13528,461
13529,461
13530,461
13531,461
13532,461
13533,462
13534,462
13535,461
13536,461
13537,461
13538,461
13539,461
13540,462
13541,462
13542,462
13543,461
13544,461
13545,461
13547,461
13548,461
13549,462
13550,462
13551,461
13552,461
13553,461
13554,461
13555,462
13556,462
13557,462
13558,462
13559,461
13560,461
13561,461
13562,461
13563,461
13564,461
13565,462
13566,462
13567,462
13568,462
13569,461
13570,461
13571,461
13572,461
13573,462
13574,462
13575,462
13576,462
13577,461
13578,461
13579,460
13580,461
13581,461
13582,462
13583,462
13584,461
13585,461
13586,461
13587,460
13588,461
13590,461
13591,462
13592,462
13593,461
13594,461
13595,461
13596,461
13597,461
13598,461
13599,462
13600,462
13601,461
13602,461
13603,461
13604,461
13605,461
13606,461
13607,461
13608,462
13609,461
13610,461
13611,461
13612,460
13613,461
13614,461
13615,462
13616,462
13617,461
13618,461
13619,461
13620,461
13621,461
13622,461
13623,461
13624,462
13625,461
13626,461
13627,461
13628,460
13629,461
13630,461
13631,461
13633,461
13634,461
13635,462
13636,461
13637,460
13638,460
13639,461
13640,461
13641,462
13642,461
13643,461
13644,461
13645,461
13646,460
13647,461
13648,461
13649,462
13650,461
13651,461
13652,461
13653,461
13654,460
13655,461
13656,462
13657,461
13658,461
13659,461
13660,459
13661,461
13662,460
13663,461
13664,461
13665,462
13666,462
13667,461
13668,461
13669,461
13670,461
13671,461
13672,461
13673,461
13675,462
13676,462
13677,461
13678,460
13679,460
13680,460
13681,461
13682,461
13683,461
13684,461
13685,461
13686,460
13687,460
13688,461
13689,461
13690,461
13691,462
13692,461
13693,461
13694,461
13695,461
13696,461
13697,461
13698,461
13699,462
13700,461
13701,461
13702,461
13703,460
13704,460
13705,461
13706,461
13707,461
13708,461
13709,461
13710,461
13711,460
13712,460
13713,461
13714,462
13715,462
13716,462
13718,461
13719,461
13720,461
13721,460
13722,461
13723,461
13724,461
13725,461
13726,461
13727,461
13728,460
13729,460
13730,461
13731,461
13732,461
13733,461
13734,461
13735,462
13736,461
13737,460
13738,461
13739,461
13740,462
13741,462
13742,461
13743,461
13744,461
13745,460
13746,461
13747,461
13748,461
13749,462
13750,462
13751,461
13752,460
13753,460
13754,461
13755,462
13756,462
13757,462
13758,462
13759,461
13761,461
13762,461
13763,460
13764,461
13765,461
13766,462
13767,461
13768,461
13769,461
13770,460
13771,460
13772,461
13773,461
13774,461
13775,462
13776,462
13777,461
13778,460
13779,460
13780,461
13781,461
13782,461
13783,461
13784,461
13785,461
13786,460
13787,460
13788,461
13789,461
13790,462
13791,462
13792,461
13793,461
13794,461
13795,461
13796,461
13797,461
13798,461
13799,462
13800,461
13801,461
13803,460
13804,460
13805,461
13806,461
13807,461
13808,462
